500
0 7 29
0 9 39
0 8 62
0 2 69
0 1 103
0 3 155
0 6 311
0 8 325
0 3 331
0 7 408
0 3 442
1 10 50
1 4 137
1 7 195
1 9 447
1 10 473
2 7 80
2 10 179
2 10 231
2 9 403
2 8 409
2 3 412
3 1 19
3 2 88
3 8 169
3 1 226
3 3 241
3 1 310
3 6 432
3 7 485
4 5 5
4 8 12
4 9 97
4 2 113
4 4 286
4 10 379
4 2 414
4 1 483
5 3 14
5 1 253
6 2 15
6 7 27
6 1 59
6 6 64
6 9 263
6 2 284
6 4 403
6 6 418
7 4 36
7 3 179
7 10 384
7 4 482
8 8 100
8 6 116
8 6 202
8 3 236
8 7 263
8 9 312
8 7 352
8 9 369
8 8 486
9 10 109
9 6 130
9 7 150
9 7 159
9 4 173
9 4 316
9 10 361
9 8 483
9 9 484
10 2 105
10 9 111
10 9 114
10 6 195
10 10 316
10 8 356
10 5 414
10 7 428
10 10 441
10 8 478
10 7 480
11 4 35
11 8 69
11 4 233
11 8 312
11 3 467
12 3 20
12 7 61
12 1 355
12 2 384
12 8 386
12 5 483
12 5 498
13 7 128
13 2 202
13 10 257
13 10 262
13 5 337
14 8 185
14 8 221
14 7 227
14 2 290
14 6 417
14 10 464
15 8 70
15 4 138
15 7 236
15 7 257
15 6 349
15 2 462
16 10 19
16 7 81
16 9 106
16 10 224
16 8 260
16 7 272
17 6 141
17 7 294
17 10 307
17 7 458
18 2 30
18 2 76
18 8 210
18 3 211
18 7 215
18 6 217
18 10 245
18 6 289
18 6 326
18 1 392
18 7 448
18 7 451
18 3 459
19 3 143
19 6 148
19 4 383
20 7 260
20 5 320
20 2 366
20 6 441
21 4 41
21 8 115
21 9 162
21 8 167
21 6 205
21 4 266
22 5 47
22 7 59
22 6 87
22 3 194
22 9 255
22 4 280
22 8 294
22 10 346
22 8 393
22 2 402
22 2 446
22 9 465
23 2 117
23 2 138
23 2 141
23 9 212
23 2 221
23 5 262
23 10 282
23 10 294
23 10 375
23 8 404
23 7 495
24 10 74
24 10 90
24 10 105
24 8 126
24 8 203
24 2 380
24 9 399
24 6 441
25 7 266
25 7 288
25 3 351
25 4 409
26 1 53
26 1 91
26 7 186
26 3 204
26 7 240
26 2 244
26 8 248
26 3 300
26 4 328
26 6 396
26 2 407
27 1 28
27 7 89
27 2 224
27 9 229
27 4 437
28 4 89
28 9 139
28 5 187
28 1 270
28 4 308
28 6 339
28 1 360
28 9 361
28 4 488
29 7 78
29 2 172
29 6 269
29 8 395
29 7 428
29 4 449
29 5 456
29 2 484
30 6 98
30 10 203
30 3 282
30 10 305
30 5 339
30 4 373
30 4 413
30 1 486
30 9 496
31 3 73
31 2 78
31 5 80
31 6 186
31 4 198
31 9 229
31 10 469
32 6 111
32 2 122
32 10 196
32 7 216
32 8 351
32 9 358
32 4 396
32 5 443
32 2 472
32 5 489
32 5 491
33 2 168
33 3 186
33 4 207
33 9 342
33 9 478
33 6 487
34 7 40
34 10 136
34 8 172
34 5 264
34 2 319
34 6 472
35 2 152
35 2 252
36 7 259
36 7 294
36 8 333
36 7 404
36 1 455
37 8 44
37 10 69
37 4 80
37 8 110
37 2 187
37 5 198
37 5 240
37 1 297
37 5 317
37 5 345
37 10 354
37 9 359
37 5 466
37 3 478
38 4 67
38 7 113
38 4 132
38 3 142
38 5 160
38 10 205
38 9 242
38 1 297
38 2 331
38 7 427
38 8 441
38 2 445
39 3 43
39 10 183
39 10 281
39 1 295
39 7 320
39 3 424
39 5 446
39 2 468
39 6 490
40 1 44
40 1 106
40 6 117
40 3 283
40 2 297
40 3 421
40 7 426
40 1 447
40 5 476
41 9 70
41 5 93
41 4 228
41 8 376
41 8 444
42 6 43
42 9 140
42 10 216
42 4 229
42 2 237
42 7 253
42 1 261
42 5 280
42 3 284
42 1 300
42 7 353
42 8 368
42 7 376
43 6 72
43 5 74
43 4 81
43 6 222
43 8 250
43 10 255
43 1 323
43 9 486
43 10 491
44 7 174
44 6 260
44 5 299
45 5 82
45 1 129
45 5 302
45 5 325
45 5 422
45 5 475
46 10 55
46 2 69
46 10 130
46 9 149
46 7 334
46 1 335
46 4 408
46 8 442
46 4 464
46 9 496
47 5 407
47 6 456
48 4 153
48 7 201
48 3 427
48 7 492
49 7 50
49 3 51
49 10 128
49 5 129
49 2 154
49 2 159
49 7 303
50 10 54
50 5 100
50 9 326
50 2 400
50 2 468
51 2 80
51 7 89
51 7 238
51 9 267
51 3 297
51 2 300
51 1 356
51 3 372
51 8 432
51 4 439
52 6 82
52 4 157
52 10 171
52 2 199
52 4 398
52 4 486
53 1 94
53 2 109
53 5 287
53 8 302
53 4 315
53 1 329
53 1 371
53 8 400
53 9 431
54 9 109
54 6 156
54 8 169
54 4 189
54 2 264
54 7 450
54 5 468
55 2 101
55 10 180
55 9 200
55 8 203
55 3 350
55 9 379
55 2 397
55 4 412
55 9 429
55 7 458
56 9 73
56 3 248
56 9 287
56 2 384
56 1 424
56 2 444
56 2 492
57 9 84
57 8 102
57 9 146
57 4 149
57 10 210
57 9 244
57 2 390
57 9 415
57 4 481
57 9 482
57 2 493
58 8 69
58 9 82
58 9 128
58 4 152
58 4 183
58 1 320
58 6 436
59 4 190
59 7 320
59 1 398
59 2 421
60 1 77
60 2 115
60 5 157
60 9 236
60 4 250
60 7 432
60 8 480
61 10 131
61 2 477
62 10 91
62 2 162
62 7 303
62 10 337
62 10 414
62 10 424
62 6 457
63 10 105
63 3 108
63 10 198
63 1 221
63 6 295
63 5 331
63 5 371
63 7 376
64 1 91
64 9 271
64 6 405
64 1 414
65 3 162
65 1 236
65 5 435
65 10 496
66 3 153
66 3 157
66 7 277
66 1 338
66 7 377
66 1 403
66 3 446
66 10 474
66 1 496
67 7 70
67 6 123
67 2 167
67 5 245
67 9 246
67 9 263
67 3 293
67 5 332
67 10 368
67 8 426
67 7 427
68 7 93
68 7 116
68 10 252
68 3 340
68 5 406
69 1 77
69 6 108
69 1 111
69 2 128
69 3 129
69 10 295
69 3 326
69 7 428
69 8 432
69 9 497
70 6 392
70 6 411
70 2 467
71 3 133
71 4 280
71 7 319
71 6 340
71 4 346
71 6 359
71 10 384
71 2 404
72 5 202
72 10 240
72 8 270
72 1 284
72 2 441
73 2 104
73 9 155
73 3 214
73 10 276
73 6 362
74 7 93
74 7 130
74 4 315
74 3 324
74 8 335
74 4 388
74 3 481
74 8 491
75 3 364
76 6 173
76 8 308
76 8 337
76 10 407
77 7 230
77 7 390
78 10 122
78 2 194
78 9 206
78 2 431
78 1 469
79 2 125
79 4 258
79 4 384
79 2 404
80 1 119
80 9 170
80 2 218
80 1 274
80 4 363
80 3 447
80 6 471
81 8 149
81 4 177
81 6 234
81 10 277
81 1 309
81 7 319
81 1 396
81 9 438
82 3 169
82 10 276
82 3 318
82 3 350
82 4 392
82 7 405
82 2 428
82 3 435
82 9 463
83 6 98
83 8 172
83 4 251
83 9 262
83 1 289
83 1 301
83 2 361
83 8 380
83 10 388
83 2 407
84 10 210
84 9 220
84 6 282
84 4 288
84 3 292
84 5 293
84 6 331
85 6 135
85 5 158
85 9 260
85 2 301
85 5 337
85 7 338
85 6 414
85 3 470
85 2 475
85 6 483
86 1 91
86 6 185
86 10 187
86 9 215
86 5 226
86 7 253
87 8 123
87 7 143
87 10 163
87 2 190
87 4 257
87 10 277
87 2 293
87 7 295
87 10 353
87 3 360
87 3 432
88 5 102
88 5 272
88 6 291
88 4 357
88 2 378
88 1 379
89 10 200
89 3 205
89 2 219
89 10 237
89 10 281
89 5 456
90 1 131
90 1 136
90 6 144
90 10 198
90 3 251
90 1 254
90 5 340
90 2 356
90 1 358
90 1 379
90 8 469
90 2 480
91 7 114
91 8 276
91 9 298
91 6 377
91 4 391
91 10 444
91 1 465
91 10 488
92 8 107
92 9 299
92 3 339
92 6 401
92 7 453
92 10 474
93 10 185
93 8 357
93 4 486
94 5 95
94 9 145
94 10 149
94 5 311
94 4 347
94 2 388
95 3 180
95 6 210
95 5 221
95 8 265
95 3 327
95 6 480
95 3 499
96 2 107
96 5 135
96 5 212
96 4 216
96 6 369
96 5 418
96 9 446
97 9 100
97 3 101
97 2 117
97 8 157
97 7 373
98 7 206
98 8 295
98 3 425
98 2 429
98 7 447
98 9 486
99 2 319
99 10 341
100 7 124
100 7 226
100 10 229
100 7 346
100 8 373
100 8 387
100 7 402
101 1 261
101 1 302
101 4 373
101 8 498
101 6 499
102 6 241
102 1 481
103 6 161
103 4 220
103 7 280
103 3 283
103 1 288
103 10 337
104 5 122
104 10 126
104 6 161
104 1 175
104 6 193
104 8 255
104 1 363
104 10 375
104 4 415
105 6 261
105 2 417
105 10 443
106 4 164
106 10 247
106 10 260
106 8 337
106 7 485
107 7 173
107 7 204
107 10 211
107 4 258
107 2 288
107 3 346
107 1 376
107 7 445
107 9 451
107 9 483
108 2 150
108 7 163
109 9 124
109 4 131
109 4 138
109 8 186
109 2 396
109 7 492
109 3 495
110 9 113
110 8 202
110 1 205
110 4 388
110 10 408
110 9 494
111 9 122
111 7 238
111 4 339
111 6 374
111 8 378
112 1 114
112 6 140
112 4 221
112 8 274
112 7 300
112 9 320
113 2 190
113 2 191
113 7 363
113 8 435
114 4 126
114 7 143
114 6 168
114 10 338
114 9 429
114 10 455
114 6 498
115 3 141
115 4 236
115 8 315
115 9 372
116 3 200
116 9 253
116 6 265
116 6 274
116 8 354
116 8 383
116 10 463
117 9 156
117 6 294
117 4 304
117 1 306
117 9 314
117 4 335
117 9 394
118 8 143
118 2 185
118 6 223
118 5 272
118 7 330
118 8 389
118 6 438
119 10 196
119 7 236
119 7 298
119 10 425
119 4 439
119 3 441
120 9 190
120 5 281
120 9 289
120 7 321
120 10 421
120 7 467
121 8 205
121 1 211
121 6 384
121 10 437
121 9 474
121 8 497
122 8 123
122 1 249
122 5 272
122 5 363
122 9 388
122 10 435
122 2 488
123 10 150
123 10 277
123 2 304
123 8 354
123 6 444
124 10 159
124 4 196
124 9 203
124 9 219
124 6 357
124 9 406
124 10 429
124 7 432
124 8 453
125 9 131
125 2 169
125 3 202
125 6 224
125 3 271
125 4 385
126 9 137
126 2 269
126 1 311
126 1 318
126 2 334
126 7 392
126 7 402
127 1 172
127 9 205
127 5 215
127 1 228
127 6 231
127 4 404
127 1 411
127 2 440
128 9 135
128 9 139
128 10 188
128 4 235
128 1 237
128 5 257
128 7 260
128 6 397
128 10 474
129 9 256
129 4 286
129 3 328
129 6 349
129 8 429
130 10 142
130 3 186
130 4 191
130 3 197
130 10 247
130 7 332
131 8 147
131 10 161
131 9 187
131 6 202
131 8 313
131 3 368
131 10 394
131 1 414
131 2 436
131 2 473
132 8 249
132 8 439
133 8 134
133 10 185
133 10 281
133 1 339
134 7 181
134 9 226
134 2 295
134 9 312
134 4 319
134 3 339
134 7 379
134 10 444
134 6 474
135 9 149
135 8 160
135 7 207
136 6 288
136 9 359
136 1 469
136 1 490
137 2 235
137 5 275
137 10 373
137 5 386
137 3 424
138 5 167
138 6 225
138 1 255
138 2 270
138 5 324
138 10 458
139 4 157
139 10 195
139 5 220
139 4 259
139 4 319
139 5 378
139 4 394
139 4 437
139 7 454
140 3 181
140 4 182
140 5 190
140 2 245
140 3 254
140 7 256
140 3 268
140 9 340
140 9 422
140 8 435
140 8 467
141 6 184
141 10 199
141 3 280
141 4 286
141 1 355
141 9 412
141 4 418
142 7 179
142 9 224
142 6 307
142 5 445
142 8 488
142 9 490
143 5 246
143 4 347
143 7 376
143 2 428
143 9 438
144 5 187
144 7 283
144 4 299
144 1 329
144 10 353
144 2 410
144 7 492
145 4 181
145 4 255
145 1 471
145 7 472
146 3 180
146 1 243
146 7 320
146 1 428
146 1 439
146 1 444
146 6 485
147 9 181
147 4 207
147 5 216
147 7 239
147 3 270
147 1 290
147 4 325
147 8 370
147 8 372
147 7 455
148 5 390
148 6 418
149 1 151
149 1 192
149 10 308
149 6 314
149 7 340
150 2 276
150 4 350
150 3 360
151 6 159
151 10 254
151 6 290
151 3 329
151 9 347
151 7 360
151 10 424
152 6 154
152 4 305
152 2 307
152 6 418
152 6 496
153 6 167
153 1 259
153 3 260
153 4 443
154 4 217
154 8 270
154 6 380
154 10 386
154 10 477
155 5 232
155 2 249
155 8 326
155 9 349
155 4 355
156 3 239
156 9 397
156 2 437
156 1 468
157 1 173
157 4 176
157 4 181
157 10 188
157 7 232
157 3 235
157 4 277
157 10 307
157 3 449
157 6 481
158 5 174
158 5 242
158 1 484
159 3 200
159 3 278
159 8 412
159 6 421
159 6 427
159 7 468
160 10 163
160 2 235
160 5 271
160 1 389
160 7 468
160 5 475
160 3 489
161 5 169
161 4 235
161 1 255
161 4 277
161 1 301
161 1 346
161 8 347
161 1 388
161 2 419
162 9 210
162 5 396
162 1 442
162 10 482
163 7 258
163 7 496
164 4 168
164 5 225
164 3 373
164 7 385
164 5 401
164 6 409
164 1 421
165 7 209
165 10 221
165 8 348
165 2 351
165 10 364
165 3 367
165 3 486
165 8 489
166 5 213
166 4 222
166 5 316
166 6 386
166 5 480
167 2 329
167 6 440
167 1 454
168 6 190
168 2 379
168 2 383
168 8 441
168 2 458
168 1 491
169 1 228
169 8 433
169 9 443
170 2 496
171 2 261
171 8 358
171 5 363
171 10 386
171 9 413
172 2 236
172 2 243
172 6 274
172 6 347
172 6 350
172 8 385
172 10 425
172 5 427
172 8 491
173 5 280
173 9 285
173 2 347
174 9 207
174 1 249
174 4 335
174 7 344
174 8 367
174 9 421
174 2 450
174 6 478
175 3 210
175 4 329
175 9 428
175 10 481
176 10 177
176 3 301
176 3 368
176 10 434
176 2 482
177 1 234
177 7 263
177 2 264
177 6 300
177 1 335
177 10 384
178 5 405
178 7 480
179 8 213
179 10 223
179 4 377
179 8 418
180 6 243
180 2 280
180 8 319
181 8 193
181 7 242
181 4 313
181 4 345
181 9 396
181 4 415
181 1 456
181 7 466
181 8 482
181 2 494
182 2 340
182 2 360
182 3 361
182 3 433
182 1 462
182 5 491
183 1 212
183 8 216
183 8 252
183 2 262
183 10 279
183 9 300
183 9 332
183 7 402
183 1 470
184 1 289
184 4 400
185 5 216
185 10 257
185 1 276
185 5 308
185 4 358
185 8 380
186 10 213
186 2 381
186 6 392
186 6 417
186 10 440
187 10 268
187 7 408
187 7 412
187 6 439
187 5 444
187 8 476
188 5 227
188 7 361
188 10 474
189 8 205
189 5 344
189 9 372
189 10 378
189 4 440
189 10 444
189 8 459
189 5 469
190 10 290
190 8 292
190 5 364
190 7 430
190 2 447
191 8 254
191 7 343
191 3 364
191 6 411
191 1 489
192 3 229
192 1 319
192 10 389
192 3 413
192 10 466
192 8 479
193 8 289
193 1 350
193 6 412
193 8 435
194 3 218
194 4 396
194 7 397
194 3 461
194 9 464
195 6 276
195 6 290
195 1 314
195 9 336
195 2 438
195 1 481
196 9 289
196 8 290
196 10 311
196 6 353
196 1 424
196 3 451
196 2 466
196 5 484
197 6 278
197 10 294
197 8 300
197 2 325
197 4 350
197 4 417
197 3 419
197 8 464
198 8 286
198 4 305
198 10 333
198 2 334
198 1 353
199 6 238
199 6 372
199 1 434
200 5 238
200 6 240
200 10 378
200 5 385
200 3 435
200 6 447
201 4 203
201 8 257
201 2 277
201 9 330
201 3 351
202 10 204
202 7 274
202 4 326
202 7 387
202 9 428
202 3 444
202 8 495
203 8 264
203 10 329
203 7 376
204 6 226
204 1 315
204 8 411
204 9 442
204 4 454
204 10 494
205 10 237
205 5 269
206 9 212
206 3 253
206 4 301
206 5 425
207 10 297
207 4 330
207 4 381
207 3 408
207 9 447
207 10 483
208 9 223
208 5 280
208 1 302
208 6 368
209 5 348
209 8 355
209 10 377
209 5 415
210 6 220
210 5 224
210 3 236
210 3 277
210 1 290
210 7 310
210 5 316
210 8 342
210 4 415
210 3 419
211 6 244
211 10 287
211 6 477
211 9 492
212 8 257
212 8 443
213 8 292
213 1 298
213 9 335
214 2 492
215 9 218
215 1 301
215 5 321
215 9 412
215 6 428
215 3 445
215 6 493
216 9 319
216 1 352
216 4 361
216 10 446
217 9 458
217 1 482
218 3 225
218 10 260
218 2 312
218 9 432
218 10 483
219 7 304
219 8 446
220 7 226
220 4 237
220 10 324
220 5 457
221 8 326
222 1 283
222 4 287
222 10 385
222 3 404
223 1 238
223 3 283
223 2 287
223 5 329
223 5 348
223 3 382
223 9 458
223 3 473
224 1 254
224 7 325
224 7 394
224 1 418
224 10 422
224 4 436
225 1 315
225 8 342
225 3 356
225 6 362
225 1 390
225 4 444
226 10 265
226 2 349
226 3 358
226 5 469
226 1 474
227 8 279
227 1 298
227 9 347
227 1 367
227 6 402
227 1 419
227 1 427
227 7 474
227 6 483
228 2 264
228 8 275
228 8 280
228 8 306
228 8 324
228 2 331
228 5 381
228 1 424
229 4 346
229 2 440
229 3 447
229 10 498
230 10 294
230 2 344
230 2 455
230 5 459
231 1 263
231 2 451
231 5 480
231 6 482
232 10 371
232 1 469
233 5 299
233 3 311
233 8 414
234 8 259
234 10 317
234 10 352
234 10 464
234 3 487
235 3 237
235 9 264
235 9 293
235 2 295
235 4 304
236 3 257
236 4 326
236 1 371
236 5 427
236 7 444
237 10 303
238 1 323
238 3 341
238 5 441
238 10 471
239 3 368
240 9 295
240 2 391
240 1 425
241 3 275
241 8 315
241 4 399
241 4 430
241 1 437
241 4 446
242 10 252
242 3 306
242 7 330
242 8 387
242 7 423
243 4 246
243 6 376
243 10 427
243 3 440
243 8 491
244 1 289
244 5 354
244 10 357
244 3 377
244 5 448
245 4 366
245 4 374
245 10 391
245 9 484
246 1 286
246 5 391
246 7 412
246 5 449
246 1 481
247 6 268
247 6 353
247 2 365
247 7 372
248 8 297
249 4 309
249 6 400
249 9 444
250 5 263
250 9 305
250 3 426
250 3 427
250 5 442
251 2 349
251 1 441
251 4 451
252 5 379
252 6 432
252 9 463
252 2 471
253 9 308
253 10 449
254 5 326
254 4 387
254 10 417
254 2 448
255 3 360
255 10 378
256 1 301
256 6 302
256 2 361
256 2 463
256 2 486
257 7 296
257 2 314
257 6 486
258 3 464
258 2 482
259 3 281
259 10 338
259 6 358
259 1 428
259 2 484
259 4 489
260 3 290
260 5 306
260 10 316
260 10 365
260 4 401
260 5 431
260 4 499
261 4 490
262 1 267
262 9 275
262 3 287
262 9 377
262 10 424
262 2 472
263 4 297
263 1 348
263 2 494
264 7 279
264 6 317
264 8 318
264 2 383
264 4 385
264 2 426
265 1 486
266 3 338
266 10 358
266 9 421
266 5 428
267 5 330
268 8 291
268 4 347
268 9 395
268 9 493
269 9 276
270 5 321
270 10 358
270 5 475
271 5 353
271 3 486
272 6 499
273 1 276
273 9 305
273 6 391
273 1 411
273 4 459
274 10 478
275 3 416
275 2 450
276 9 308
276 4 327
276 9 329
276 1 339
276 4 347
276 7 379
276 1 442
277 7 328
277 6 375
277 4 403
277 7 466
278 7 404
279 4 371
279 8 423
279 5 475
280 8 322
280 8 371
280 3 442
281 8 426
282 9 416
283 9 373
283 7 377
283 8 412
284 9 325
284 4 326
284 8 342
284 8 356
284 2 499
285 8 291
285 7 416
285 4 429
285 10 481
286 5 394
286 6 441
287 1 379
287 10 382
287 1 483
288 10 297
288 1 299
288 7 481
288 1 485
289 10 344
289 9 367
289 10 404
289 3 405
289 9 423
290 3 305
290 4 364
290 10 393
290 9 408
290 1 446
290 3 447
290 4 450
291 8 292
291 2 353
291 6 434
292 4 295
292 5 297
292 10 329
292 6 348
293 10 336
293 6 415
293 5 441
293 4 494
294 9 370
294 1 411
294 5 499
295 4 377
296 6 309
296 2 349
296 9 404
296 6 415
296 9 429
297 1 320
297 5 375
297 7 433
297 5 469
297 7 483
298 1 337
298 5 368
299 7 343
300 10 471
300 1 472
300 4 494
301 8 313
302 3 429
303 4 333
303 10 334
303 2 387
303 2 465
303 1 487
303 4 490
304 7 343
304 9 355
304 3 398
304 6 403
304 1 489
304 2 497
305 3 317
305 1 378
305 3 382
305 1 399
305 5 425
305 10 472
306 10 366
306 3 418
306 4 465
307 5 310
307 10 327
307 9 433
308 8 361
308 1 404
308 9 429
310 6 311
310 8 337
310 9 455
310 9 464
310 10 485
310 7 486
311 9 465
312 7 358
312 1 378
312 5 386
312 8 431
312 6 458
312 10 478
312 8 479
313 3 353
313 2 359
314 7 326
314 10 451
314 1 452
314 7 476
315 6 319
315 8 334
315 4 370
315 9 379
315 5 392
315 8 443
315 7 469
316 3 487
317 3 492
318 3 393
319 1 475
320 6 392
320 1 394
320 4 446
321 8 335
321 6 372
321 3 392
321 3 398
322 1 372
323 8 336
323 4 353
323 7 433
323 9 475
323 10 485
323 1 494
324 10 380
324 4 496
325 8 366
325 8 388
325 5 445
325 5 460
326 10 409
326 4 496
327 6 336
327 8 374
327 5 402
327 8 430
327 1 470
328 9 343
328 2 425
328 10 451
328 2 462
328 10 476
328 1 485
328 2 490
329 4 349
329 8 351
329 2 365
329 7 403
330 4 398
330 9 494
331 3 490
332 2 348
332 1 363
332 9 372
332 10 376
333 9 348
333 9 395
334 4 406
334 5 439
334 1 449
335 10 373
335 9 382
335 2 392
335 9 468
336 10 399
336 6 463
337 7 389
337 2 489
338 4 420
338 8 477
339 5 351
339 10 417
339 5 483
340 3 360
340 9 404
340 9 480
341 4 375
342 9 368
342 5 432
343 3 415
344 1 456
345 7 369
345 5 423
346 2 451
346 6 482
347 7 409
347 1 450
347 2 460
348 9 379
348 10 405
348 3 412
349 8 381
349 1 435
349 4 496
350 10 375
350 7 466
351 1 431
352 2 370
352 3 416
352 10 434
352 4 455
352 6 470
353 10 384
353 6 394
353 3 418
353 9 426
353 9 437
353 8 465
353 7 478
353 7 497
354 5 366
354 5 382
354 10 389
354 6 451
354 2 457
355 1 359
356 9 408
356 5 456
356 8 458
357 2 364
358 9 488
359 7 365
360 8 446
361 4 403
362 8 421
362 3 470
363 3 400
363 2 495
363 4 497
365 10 382
365 9 437
365 1 481
365 6 496
366 4 402
366 6 409
366 8 446
367 5 396
367 9 413
367 5 434
367 10 460
367 2 467
368 2 410
368 2 477
368 10 493
370 8 386
370 4 458
371 4 398
372 9 448
373 2 410
373 3 456
373 10 492
374 9 446
374 4 492
375 7 376
375 2 401
375 1 413
375 6 463
376 3 386
376 6 398
376 9 467
377 4 394
378 5 428
378 8 434
378 6 471
379 6 477
381 9 408
382 6 394
382 4 421
382 9 440
382 7 462
382 2 465
383 8 386
383 6 451
384 9 385
384 4 459
386 2 426
386 1 459
386 10 492
387 5 408
387 10 454
389 3 472
391 4 470
393 2 417
393 2 456
393 10 466
393 9 485
393 1 492
394 8 490
395 10 475
396 7 404
396 8 418
396 5 429
396 6 453
397 7 476
398 9 402
398 6 417
398 7 449
398 1 486
399 5 422
399 10 452
399 4 479
399 2 481
401 5 420
401 9 473
401 5 474
402 10 493
403 2 418
403 1 428
403 2 494
404 2 439
404 4 443
405 6 449
406 8 499
407 10 433
409 3 418
410 1 442
410 3 448
411 3 469
411 8 470
412 1 479
413 3 447
414 9 424
414 7 487
415 9 465
416 3 494
417 1 421
417 6 478
419 5 421
421 5 460
422 5 430
422 2 495
424 1 472
424 10 492
425 3 441
425 8 496
426 5 466
426 3 490
427 1 431
427 9 489
427 10 494
429 9 456
430 5 433
430 4 490
432 2 440
432 8 477
433 1 458
433 8 484
433 9 487
436 5 460
437 5 456
439 4 440
439 10 471
439 4 488
440 7 451
440 8 498
446 7 454
446 10 460
446 6 464
446 8 468
446 4 483
447 6 448
447 10 465
449 4 460
449 1 462
449 3 465
450 3 487
453 6 490
453 5 493
454 5 462
457 3 478
457 3 490
458 7 498
459 8 465
459 2 488
467 9 477
472 4 487
473 4 491
475 7 481
477 6 499
479 6 498
481 4 498
484 5 490
485 10 491
