500
0 7 29
0 9 39
0 8 62
0 2 69
0 9 76
0 1 103
0 6 116
0 1 140
0 3 155
0 6 164
0 9 171
0 1 228
0 7 237
0 10 261
0 9 287
0 6 311
0 1 320
0 8 325
0 3 331
0 8 360
0 7 408
0 3 442
0 6 481
1 10 50
1 8 74
1 2 106
1 4 137
1 6 173
1 7 195
1 6 267
1 1 275
1 5 346
1 1 354
1 9 447
1 10 473
2 10 26
2 3 31
2 1 40
2 7 80
2 2 93
2 9 127
2 10 179
2 6 194
2 10 231
2 6 273
2 4 292
2 7 357
2 9 403
2 8 409
2 3 412
3 4 9
3 1 19
3 2 79
3 2 88
3 8 169
3 3 181
3 6 195
3 3 204
3 1 226
3 10 235
3 3 241
3 1 310
3 6 388
3 6 421
3 6 432
3 9 434
3 7 485
4 5 5
4 7 9
4 8 12
4 10 24
4 5 55
4 7 70
4 9 97
4 9 113
4 5 142
4 2 157
4 6 160
4 6 201
4 10 251
4 4 286
4 9 293
4 2 346
4 10 379
4 2 414
4 1 483
5 3 14
5 4 115
5 6 119
5 4 127
5 3 157
5 3 206
5 1 253
5 8 363
5 9 384
5 6 400
6 2 15
6 2 17
6 7 27
6 1 59
6 6 64
6 8 116
6 1 119
6 5 130
6 8 250
6 9 263
6 2 284
6 6 311
6 10 322
6 10 392
6 1 400
6 4 403
6 6 418
6 3 494
7 8 9
7 4 36
7 3 129
7 3 179
7 4 215
7 5 235
7 7 241
7 10 246
7 5 273
7 5 349
7 10 384
7 4 482
8 8 100
8 10 101
8 6 116
8 4 150
8 5 171
8 6 202
8 10 214
8 3 236
8 7 263
8 9 293
8 2 302
8 9 312
8 7 352
8 9 369
8 4 374
8 7 403
8 8 486
9 10 109
9 4 116
9 6 130
9 7 150
9 7 159
9 4 173
9 2 308
9 4 316
9 1 349
9 10 361
9 9 362
9 8 423
9 8 483
9 9 484
10 7 64
10 2 105
10 9 111
10 9 114
10 6 195
10 10 257
10 10 316
10 9 317
10 8 356
10 2 398
10 5 414
10 7 428
10 10 441
10 9 464
10 8 478
10 7 480
11 4 35
11 9 67
11 8 69
11 6 70
11 9 172
11 10 191
11 9 204
11 3 232
11 4 233
11 9 245
11 8 312
11 2 422
11 3 467
11 4 486
12 10 16
12 3 20
12 7 61
12 7 117
12 9 244
12 3 299
12 9 306
12 6 320
12 1 355
12 3 362
12 2 384
12 8 386
12 5 483
12 3 496
12 5 498
13 1 98
13 5 116
13 7 128
13 1 141
13 7 152
13 2 199
13 2 202
13 8 257
13 10 262
13 7 272
13 5 279
13 5 337
13 8 414
13 10 497
14 2 25
14 1 46
14 6 125
14 8 185
14 8 189
14 3 208
14 8 221
14 7 227
14 1 230
14 4 243
14 8 249
14 2 290
14 5 325
14 6 417
14 10 464
15 7 20
15 8 70
15 8 111
15 4 138
15 1 206
15 7 236
15 7 257
15 9 320
15 4 323
15 6 349
15 6 379
15 6 388
15 1 415
15 2 462
16 10 19
16 8 36
16 7 81
16 3 98
16 9 106
16 3 136
16 2 213
16 4 218
16 10 224
16 8 260
16 7 272
16 9 365
16 2 411
16 10 424
17 6 141
17 9 169
17 9 196
17 7 294
17 10 307
17 1 309
17 1 344
17 7 458
18 2 30
18 5 76
18 4 135
18 2 166
18 8 197
18 8 210
18 3 211
18 7 215
18 6 217
18 10 245
18 6 289
18 2 294
18 6 326
18 1 392
18 9 439
18 7 448
18 7 451
18 3 459
18 9 495
19 7 32
19 5 97
19 3 143
19 6 148
19 7 233
19 8 240
19 8 241
19 4 326
19 5 333
19 7 335
19 4 383
20 2 50
20 8 55
20 8 174
20 5 241
20 7 260
20 1 278
20 8 309
20 5 320
20 2 321
20 2 366
20 6 441
20 5 470
20 5 484
21 4 41
21 8 115
21 3 127
21 2 161
21 9 162
21 10 166
21 8 167
21 7 171
21 6 205
21 10 254
21 4 266
21 8 292
21 7 293
21 5 330
21 4 414
22 5 47
22 7 59
22 10 66
22 6 68
22 6 87
22 8 135
22 1 160
22 3 194
22 9 255
22 4 280
22 8 294
22 5 299
22 10 346
22 8 393
22 2 402
22 2 446
22 9 465
22 3 472
22 5 496
23 3 25
23 2 117
23 1 123
23 2 138
23 2 141
23 10 172
23 3 201
23 9 212
23 1 217
23 2 221
23 6 237
23 9 252
23 5 262
23 10 282
23 10 294
23 2 307
23 7 312
23 10 375
23 8 402
23 8 404
23 1 412
23 7 450
23 7 495
24 10 25
24 10 74
24 10 90
24 10 105
24 8 126
24 8 203
24 1 217
24 5 244
24 2 380
24 9 399
24 9 441
24 5 443
24 6 465
25 2 89
25 3 120
25 2 124
25 3 128
25 7 266
25 7 288
25 7 291
25 3 351
25 4 409
25 1 436
26 1 53
26 1 91
26 2 113
26 7 154
26 10 159
26 7 186
26 3 204
26 4 222
26 7 240
26 2 244
26 8 248
26 8 280
26 3 300
26 2 307
26 3 309
26 2 320
26 4 328
26 4 345
26 6 396
26 2 407
27 1 28
27 7 89
27 1 107
27 7 143
27 3 177
27 7 186
27 5 197
27 2 224
27 9 229
27 2 287
27 2 376
27 4 437
28 2 45
28 4 89
28 1 91
28 9 139
28 1 143
28 5 187
28 3 234
28 1 270
28 4 290
28 4 308
28 7 317
28 7 322
28 6 339
28 1 360
28 9 361
28 4 365
28 1 401
28 5 408
28 4 488
29 4 33
29 7 78
29 7 106
29 1 162
29 2 172
29 6 269
29 8 395
29 7 428
29 4 449
29 5 456
29 2 484
30 6 98
30 3 105
30 5 114
30 2 127
30 9 153
30 10 203
30 9 222
30 3 271
30 3 282
30 3 304
30 10 305
30 10 326
30 5 339
30 4 373
30 4 413
30 9 474
30 1 486
30 9 496
31 3 73
31 2 78
31 5 80
31 10 99
31 3 104
31 6 186
31 4 198
31 9 229
31 7 314
31 4 329
31 1 391
31 10 469
32 1 44
32 10 46
32 1 70
32 6 111
32 10 114
32 2 122
32 10 196
32 7 216
32 3 230
32 5 325
32 7 340
32 8 351
32 9 358
32 1 380
32 4 396
32 5 443
32 5 460
32 2 472
32 5 489
32 5 491
33 1 67
33 2 168
33 3 186
33 4 207
33 9 342
33 7 395
33 9 478
33 6 487
33 1 497
34 7 40
34 7 84
34 9 123
34 10 136
34 8 172
34 2 236
34 5 264
34 2 277
34 9 304
34 2 319
34 6 472
35 2 152
35 2 252
35 1 261
35 3 343
35 9 407
35 2 446
36 1 109
36 8 152
36 9 179
36 3 193
36 8 244
36 7 259
36 6 277
36 7 294
36 10 312
36 8 333
36 6 381
36 5 386
36 7 404
36 1 455
36 4 472
37 8 44
37 10 69
37 4 80
37 8 110
37 2 187
37 5 198
37 4 215
37 10 220
37 6 233
37 5 240
37 1 297
37 5 317
37 5 345
37 10 354
37 9 359
37 2 380
37 1 430
37 5 440
37 5 466
37 3 478
38 4 67
38 4 99
38 7 113
38 4 132
38 5 134
38 3 142
38 5 160
38 1 182
38 2 202
38 10 205
38 7 232
38 9 242
38 1 297
38 2 331
38 2 417
38 5 424
38 7 427
38 8 441
38 2 445
39 4 41
39 3 43
39 2 138
39 7 173
39 10 177
39 10 183
39 3 202
39 7 245
39 10 281
39 3 291
39 1 295
39 7 320
39 2 376
39 3 386
39 3 424
39 5 446
39 2 468
39 5 480
39 6 490
39 3 496
40 1 44
40 1 106
40 6 117
40 3 283
40 3 284
40 2 297
40 9 304
40 9 313
40 10 375
40 8 380
40 3 421
40 7 426
40 2 446
40 1 447
40 5 476
41 3 50
41 3 55
41 9 70
41 5 93
41 7 160
41 1 218
41 4 228
41 3 297
41 8 376
41 8 444
42 6 43
42 5 51
42 3 125
42 9 140
42 1 158
42 10 216
42 4 223
42 4 229
42 2 237
42 7 253
42 1 261
42 1 273
42 5 280
42 3 284
42 1 300
42 4 331
42 7 353
42 8 368
42 9 376
42 2 427
42 9 497
43 6 72
43 5 74
43 4 81
43 3 99
43 6 222
43 5 250
43 10 255
43 1 323
43 3 381
43 3 422
43 9 486
43 10 491
44 8 54
44 1 150
44 8 153
44 7 174
44 8 175
44 6 260
44 1 293
44 5 299
44 5 362
44 9 433
45 5 82
45 1 129
45 1 165
45 6 272
45 5 302
45 4 311
45 5 325
45 7 349
45 3 370
45 4 384
45 3 408
45 7 413
45 5 422
45 1 473
45 5 475
45 1 482
46 10 55
46 2 69
46 10 130
46 9 149
46 6 204
46 5 226
46 7 229
46 2 234
46 7 235
46 4 243
46 10 271
46 6 316
46 7 334
46 1 335
46 1 392
46 4 408
46 8 442
46 4 464
46 9 496
47 9 63
47 7 74
47 4 226
47 6 245
47 8 253
47 8 261
47 7 267
47 5 358
47 8 395
47 5 407
47 6 456
47 5 485
48 10 92
48 10 93
48 2 120
48 6 121
48 8 137
48 5 144
48 5 152
48 4 153
48 2 160
48 7 201
48 8 317
48 7 343
48 3 406
48 3 427
48 5 438
48 7 492
49 7 50
49 3 51
49 1 74
49 10 128
49 5 129
49 2 154
49 2 159
49 8 162
49 8 169
49 10 202
49 10 231
49 7 303
49 10 338
49 9 366
49 1 418
50 6 53
50 10 54
50 9 59
50 5 95
50 5 100
50 7 130
50 5 183
50 5 270
50 8 301
50 7 307
50 9 326
50 2 400
50 2 468
50 8 471
50 2 485
51 2 80
51 7 89
51 1 110
51 9 199
51 10 202
51 9 209
51 5 222
51 7 238
51 2 267
51 3 297
51 1 299
51 2 300
51 1 305
51 3 318
51 1 356
51 3 372
51 1 415
51 8 432
51 4 439
51 3 480
52 6 82
52 1 103
52 4 157
52 10 171
52 2 199
52 2 393
52 4 398
52 4 486
53 1 71
53 1 94
53 2 109
53 5 146
53 6 213
53 8 268
53 5 287
53 8 302
53 4 315
53 1 329
53 10 330
53 5 334
53 1 338
53 1 371
53 10 389
53 8 400
53 4 415
53 9 431
53 4 472
54 7 102
54 9 109
54 6 156
54 8 169
54 4 189
54 1 238
54 2 264
54 2 269
54 5 320
54 1 392
54 7 450
54 5 468
55 2 101
55 10 180
55 9 200
55 8 203
55 9 256
55 8 274
55 3 350
55 9 361
55 9 379
55 2 397
55 4 412
55 9 429
55 2 437
55 7 458
56 9 73
56 3 79
56 4 137
56 3 159
56 3 248
56 9 287
56 1 302
56 6 369
56 2 384
56 2 412
56 6 423
56 1 424
56 2 444
56 2 485
56 2 492
57 9 84
57 8 102
57 4 129
57 9 146
57 4 149
57 7 190
57 3 202
57 10 210
57 9 244
57 2 390
57 9 415
57 4 468
57 4 481
57 9 482
57 2 493
58 8 69
58 9 82
58 4 86
58 7 92
58 9 128
58 1 143
58 4 152
58 4 183
58 1 320
58 6 436
58 9 449
58 3 465
59 10 82
59 8 86
59 7 159
59 4 190
59 5 258
59 7 320
59 5 394
59 1 398
59 2 421
59 3 448
59 2 478
60 1 77
60 2 115
60 5 157
60 9 236
60 4 250
60 9 327
60 3 404
60 5 409
60 7 410
60 7 432
60 8 480
61 5 76
61 2 100
61 10 131
61 4 136
61 6 197
61 6 292
61 7 315
61 3 389
61 10 443
61 9 459
61 2 477
61 6 488
62 10 91
62 8 92
62 9 116
62 10 136
62 2 162
62 8 273
62 7 303
62 10 337
62 1 358
62 10 414
62 1 421
62 10 424
62 8 442
62 6 457
62 2 492
63 10 105
63 3 108
63 6 113
63 10 198
63 6 210
63 1 221
63 7 241
63 4 243
63 10 285
63 6 295
63 5 331
63 5 371
63 7 376
63 1 439
64 1 91
64 1 157
64 4 196
64 10 220
64 9 244
64 3 259
64 9 271
64 3 301
64 4 314
64 4 397
64 6 405
64 1 414
64 2 456
64 10 468
64 3 470
65 1 92
65 3 162
65 2 213
65 1 236
65 5 241
65 5 320
65 7 331
65 5 435
65 5 436
65 10 496
66 5 93
66 8 141
66 3 153
66 1 156
66 3 157
66 7 224
66 8 264
66 9 271
66 7 277
66 1 338
66 10 367
66 7 377
66 1 403
66 3 446
66 4 464
66 10 474
66 1 496
67 7 70
67 6 123
67 2 167
67 4 183
67 7 191
67 5 245
67 9 246
67 8 254
67 9 263
67 8 272
67 3 293
67 5 332
67 8 341
67 10 368
67 6 397
67 8 426
67 7 427
67 1 480
68 7 93
68 7 116
68 9 159
68 4 161
68 1 168
68 10 252
68 5 265
68 6 314
68 3 340
68 5 406
68 5 451
68 1 472
68 5 480
69 1 77
69 2 90
69 6 108
69 1 111
69 2 128
69 3 129
69 6 163
69 4 216
69 10 295
69 3 319
69 3 326
69 1 329
69 7 428
69 3 430
69 8 432
69 3 475
69 9 497
70 3 170
70 8 217
70 6 248
70 3 364
70 6 392
70 6 411
70 5 431
70 2 467
70 1 479
71 3 133
71 5 152
71 7 163
71 6 176
71 8 228
71 7 239
71 4 280
71 3 291
71 9 294
71 7 319
71 6 328
71 6 340
71 4 346
71 6 359
71 10 384
71 2 404
71 5 437
72 5 74
72 5 166
72 5 202
72 10 240
72 8 270
72 1 284
72 3 428
72 1 436
72 2 441
72 8 448
72 2 479
73 8 103
73 2 104
73 9 155
73 3 214
73 7 226
73 6 244
73 10 276
73 6 362
73 2 393
73 4 491
74 7 93
74 7 113
74 7 130
74 5 139
74 5 162
74 8 225
74 1 296
74 4 315
74 3 324
74 8 335
74 8 361
74 6 377
74 4 388
74 3 481
74 8 491
75 1 152
75 5 220
75 9 223
75 6 276
75 3 284
75 3 364
76 9 142
76 1 169
76 2 172
76 6 173
76 3 250
76 2 252
76 3 257
76 7 300
76 8 308
76 8 337
76 3 357
76 7 372
76 10 407
76 5 487
77 4 96
77 7 111
77 5 147
77 9 183
77 7 230
77 2 251
77 10 346
77 7 390
77 8 460
77 4 478
78 10 122
78 4 160
78 2 194
78 9 206
78 7 208
78 6 229
78 5 234
78 2 274
78 5 275
78 2 431
78 1 469
79 4 89
79 6 119
79 2 125
79 10 159
79 3 234
79 4 258
79 4 384
79 2 404
79 2 408
79 9 449
80 1 119
80 1 129
80 9 170
80 2 218
80 5 266
80 1 274
80 6 337
80 4 363
80 3 384
80 1 402
80 3 447
80 6 471
81 8 114
81 8 149
81 5 152
81 6 155
81 4 177
81 6 234
81 10 277
81 1 309
81 7 319
81 1 396
81 9 438
82 3 146
82 1 148
82 9 163
82 7 168
82 3 169
82 8 197
82 4 213
82 10 276
82 3 318
82 3 350
82 9 386
82 4 392
82 7 405
82 6 414
82 2 428
82 3 435
82 9 463
82 7 494
83 6 98
83 9 166
83 5 167
83 4 169
83 8 172
83 4 251
83 9 262
83 7 287
83 1 289
83 1 301
83 2 352
83 2 361
83 8 380
83 2 387
83 10 388
83 2 407
84 4 120
84 8 207
84 10 210
84 9 220
84 6 282
84 4 288
84 3 292
84 8 293
84 6 331
84 7 373
84 10 380
84 9 385
84 4 396
84 7 424
85 6 135
85 5 158
85 9 225
85 9 260
85 2 301
85 5 337
85 7 338
85 8 358
85 3 365
85 6 414
85 5 465
85 3 470
85 2 475
85 6 483
86 1 91
86 7 147
86 10 153
86 6 185
86 10 187
86 9 215
86 5 226
86 7 253
86 10 420
86 8 435
86 3 449
87 8 123
87 7 143
87 10 163
87 2 190
87 2 197
87 6 213
87 4 257
87 1 270
87 10 277
87 2 293
87 7 295
87 6 323
87 10 353
87 3 360
87 3 363
87 3 372
87 4 389
87 3 432
88 5 102
88 2 107
88 4 172
88 5 272
88 1 276
88 6 291
88 4 316
88 4 357
88 2 378
88 1 379
88 8 387
88 8 475
88 2 490
88 8 494
89 10 200
89 3 205
89 2 219
89 10 237
89 5 269
89 10 281
89 8 322
89 8 378
89 6 422
89 5 456
90 1 131
90 10 134
90 1 136
90 6 144
90 10 198
90 1 234
90 3 251
90 1 254
90 6 268
90 4 290
90 5 340
90 2 356
90 1 358
90 1 379
90 8 469
90 2 480
91 7 106
91 7 114
91 1 156
91 3 165
91 8 276
91 9 298
91 10 308
91 7 309
91 10 330
91 6 377
91 4 391
91 3 426
91 10 444
91 4 454
91 1 465
91 10 488
91 6 491
92 8 107
92 6 198
92 4 228
92 3 257
92 9 299
92 6 314
92 8 324
92 9 328
92 3 339
92 5 379
92 6 401
92 2 430
92 7 453
92 10 474
92 10 476
93 1 112
93 1 185
93 7 228
93 1 314
93 8 357
93 3 453
93 4 486
94 5 95
94 9 116
94 9 145
94 10 149
94 2 228
94 9 255
94 3 258
94 6 281
94 3 302
94 8 307
94 5 311
94 7 336
94 4 343
94 4 347
94 2 388
94 3 397
94 5 436
95 1 173
95 3 180
95 6 210
95 5 221
95 8 265
95 5 307
95 3 327
95 2 436
95 6 480
95 7 484
95 3 499
96 2 107
96 5 135
96 5 136
96 5 212
96 4 216
96 10 245
96 10 250
96 6 259
96 6 369
96 5 418
96 9 446
96 10 471
96 2 489
97 9 100
97 3 101
97 2 117
97 4 138
97 7 140
97 8 144
97 8 157
97 5 202
97 6 335
97 7 373
97 8 403
98 7 206
98 9 235
98 8 295
98 5 316
98 4 334
98 2 343
98 7 381
98 3 425
98 2 429
98 6 434
98 7 447
98 6 450
98 9 486
99 3 125
99 2 200
99 10 219
99 1 229
99 10 242
99 2 319
99 10 341
99 3 380
99 8 388
99 9 470
100 7 124
100 7 186
100 9 197
100 7 226
100 10 229
100 2 292
100 7 346
100 8 373
100 2 387
100 7 402
100 8 404
100 5 413
100 5 452
101 9 169
101 6 246
101 1 261
101 3 293
101 1 302
101 9 326
101 2 363
101 4 373
101 8 498
101 6 499
102 8 150
102 1 180
102 4 225
102 10 237
102 6 241
102 7 357
102 7 413
102 1 481
103 4 120
103 6 161
103 9 184
103 4 220
103 3 231
103 7 280
103 3 283
103 1 288
103 1 289
103 6 292
103 10 337
103 6 339
103 9 352
103 5 393
104 5 122
104 10 126
104 1 130
104 6 161
104 1 163
104 1 175
104 2 179
104 6 184
104 6 193
104 3 202
104 8 255
104 1 363
104 10 375
104 4 389
104 6 404
104 4 415
105 6 180
105 3 218
105 8 232
105 6 261
105 7 276
105 9 366
105 2 392
105 2 417
105 10 443
106 4 164
106 4 190
106 5 199
106 3 219
106 10 247
106 10 260
106 8 337
106 10 362
106 6 397
106 4 423
106 1 455
106 3 480
106 7 485
106 7 490
107 9 135
107 7 173
107 7 204
107 10 211
107 4 221
107 4 258
107 2 265
107 2 288
107 10 326
107 3 346
107 1 376
107 2 392
107 7 445
107 9 451
107 6 466
107 6 472
107 3 476
107 9 478
107 9 483
108 2 150
108 2 162
108 7 163
108 7 166
108 2 270
108 5 345
108 4 392
108 10 399
108 6 417
108 4 497
109 9 124
109 4 131
109 4 138
109 8 186
109 2 273
109 10 379
109 2 396
109 7 492
109 3 495
110 9 113
110 5 126
110 7 145
110 5 155
110 8 202
110 1 205
110 2 327
110 3 348
110 4 388
110 10 408
110 10 416
110 6 429
110 8 431
110 9 494
110 4 498
111 9 122
111 4 158
111 7 238
111 9 241
111 4 339
111 6 374
111 8 378
111 6 498
112 1 114
112 6 140
112 6 144
112 4 221
112 3 229
112 2 251
112 8 274
112 5 280
112 7 283
112 8 299
112 7 300
112 9 320
112 2 340
112 10 385
112 7 443
112 6 445
112 5 452
113 9 161
113 5 172
113 2 190
113 2 191
113 5 195
113 7 363
113 2 424
113 8 435
113 5 468
114 4 126
114 7 143
114 6 168
114 2 200
114 4 224
114 9 227
114 10 338
114 6 382
114 10 395
114 9 429
114 10 455
114 6 498
115 3 141
115 4 236
115 5 238
115 7 314
115 8 315
115 6 360
115 9 372
115 1 376
115 6 385
115 5 431
115 8 456
115 6 464
116 3 200
116 9 253
116 6 265
116 6 274
116 4 299
116 4 354
116 8 383
116 2 435
116 3 439
116 7 463
117 8 133
117 9 156
117 5 157
117 7 164
117 3 204
117 8 219
117 2 281
117 6 294
117 4 304
117 1 306
117 9 314
117 4 335
117 9 340
117 9 394
118 8 143
118 4 178
118 9 183
118 2 185
118 5 190
118 6 223
118 9 224
118 5 272
118 4 304
118 4 310
118 7 330
118 6 347
118 8 389
118 6 438
119 6 165
119 10 196
119 8 197
119 7 236
119 2 250
119 9 258
119 3 259
119 4 276
119 7 298
119 6 319
119 6 389
119 10 425
119 4 439
119 3 441
120 9 190
120 3 266
120 5 281
120 9 289
120 7 321
120 6 358
120 10 421
120 8 440
120 7 443
120 7 467
121 2 168
121 8 205
121 1 211
121 3 300
121 8 308
121 6 384
121 10 437
121 9 474
121 8 497
122 8 123
122 7 136
122 7 184
122 1 249
122 5 272
122 9 327
122 6 351
122 5 363
122 9 388
122 6 401
122 10 435
122 6 446
122 5 447
122 2 488
123 3 141
123 10 150
123 4 190
123 6 261
123 10 277
123 5 298
123 2 304
123 7 318
123 10 320
123 3 347
123 8 354
123 5 408
123 10 431
123 3 439
123 6 444
123 5 447
124 10 159
124 7 187
124 4 196
124 9 203
124 9 219
124 10 235
124 1 265
124 6 357
124 9 406
124 8 417
124 6 422
124 10 429
124 7 432
124 7 439
124 8 453
124 5 478
125 9 131
125 1 165
125 2 169
125 3 202
125 6 224
125 7 246
125 3 271
125 5 311
125 4 385
125 1 447
125 5 482
125 1 497
126 9 137
126 8 205
126 4 259
126 2 269
126 1 311
126 1 318
126 2 334
126 7 392
126 7 402
127 1 172
127 1 178
127 1 201
127 9 205
127 5 215
127 1 228
127 6 231
127 10 372
127 8 375
127 4 404
127 1 411
127 2 440
127 2 474
127 6 492
128 9 135
128 9 139
128 6 162
128 9 166
128 10 188
128 4 235
128 1 237
128 5 257
128 7 260
128 3 285
128 9 308
128 6 397
128 9 405
128 5 458
128 10 474
129 10 252
129 10 254
129 9 256
129 4 286
129 3 328
129 6 349
129 10 407
129 8 429
130 7 138
130 10 142
130 4 158
130 3 186
130 4 191
130 3 197
130 7 231
130 10 247
130 2 312
130 7 332
130 2 354
130 3 388
130 8 429
131 8 147
131 10 161
131 9 187
131 7 191
131 6 202
131 5 213
131 5 234
131 9 253
131 8 313
131 3 368
131 10 394
131 1 414
131 2 436
131 2 473
132 10 147
132 7 155
132 5 221
132 8 249
132 10 273
132 8 307
132 8 439
132 9 484
133 8 134
133 3 137
133 10 185
133 1 188
133 9 225
133 2 238
133 10 281
133 6 339
133 6 350
133 10 480
134 7 153
134 7 181
134 9 226
134 2 295
134 1 303
134 4 305
134 9 312
134 4 319
134 3 339
134 7 379
134 7 418
134 10 444
134 6 474
135 9 149
135 8 160
135 9 168
135 1 181
135 5 186
135 7 207
135 1 255
135 9 329
135 8 449
136 1 181
136 4 222
136 8 226
136 7 238
136 1 245
136 2 252
136 3 277
136 6 288
136 6 322
136 9 359
136 3 389
136 1 456
136 1 469
136 1 490
137 10 176
137 4 230
137 2 235
137 5 275
137 4 276
137 6 361
137 10 373
137 5 386
137 3 424
137 7 443
137 8 494
138 5 167
138 1 222
138 6 225
138 10 231
138 1 255
138 2 270
138 9 308
138 8 323
138 5 324
138 7 359
138 5 433
138 5 437
138 10 458
139 4 157
139 4 161
139 10 195
139 5 211
139 5 220
139 6 222
139 4 259
139 4 319
139 6 375
139 5 378
139 10 391
139 4 394
139 10 414
139 4 437
139 7 454
140 1 177
140 3 181
140 4 182
140 5 190
140 2 245
140 3 254
140 7 256
140 3 268
140 9 340
140 3 398
140 9 422
140 8 435
140 8 467
141 6 184
141 3 192
141 10 199
141 10 202
141 2 271
141 3 280
141 4 286
141 7 312
141 1 355
141 9 412
141 4 418
141 3 457
142 7 161
142 4 168
142 7 179
142 7 186
142 7 210
142 9 224
142 6 307
142 6 422
142 5 445
142 8 488
142 9 490
143 3 178
143 4 193
143 5 216
143 5 246
143 7 336
143 4 347
143 7 376
143 4 402
143 2 428
143 9 438
144 5 187
144 7 254
144 7 283
144 1 286
144 4 299
144 1 329
144 6 331
144 2 337
144 10 353
144 2 410
144 7 492
145 4 181
145 4 255
145 1 267
145 5 273
145 6 343
145 1 471
145 7 472
146 10 176
146 3 180
146 1 243
146 8 309
146 7 320
146 1 428
146 1 439
146 1 444
146 1 478
146 6 485
146 4 492
147 3 179
147 9 181
147 4 207
147 5 216
147 7 239
147 9 249
147 3 259
147 3 270
147 1 290
147 1 313
147 4 325
147 6 357
147 8 370
147 8 372
147 7 455
147 3 456
148 5 346
148 5 390
148 6 418
149 4 151
149 1 192
149 5 200
149 10 308
149 6 314
149 7 340
149 3 423
150 2 276
150 6 331
150 4 350
150 3 360
150 4 477
151 6 159
151 8 175
151 2 179
151 6 233
151 10 254
151 6 290
151 1 312
151 3 329
151 9 347
151 7 360
151 10 424
151 4 473
152 6 154
152 10 227
152 9 271
152 4 305
152 2 307
152 5 373
152 6 391
152 6 418
152 6 496
153 6 167
153 10 174
153 1 259
153 3 260
153 4 308
153 4 443
153 7 494
154 7 189
154 8 206
154 4 217
154 8 270
154 5 277
154 8 297
154 6 380
154 10 386
154 2 415
154 10 477
154 6 491
155 1 201
155 5 232
155 2 249
155 3 320
155 8 326
155 9 349
155 4 355
155 2 417
155 9 454
156 3 167
156 3 239
156 9 310
156 9 371
156 9 397
156 5 426
156 2 437
156 1 468
156 8 480
157 1 173
157 4 176
157 4 181
157 10 188
157 7 232
157 9 234
157 3 235
157 4 277
157 10 307
157 6 325
157 2 386
157 5 404
157 3 449
157 6 481
158 5 174
158 4 225
158 5 242
158 9 249
158 9 366
158 10 457
158 1 484
159 7 160
159 3 200
159 3 278
159 7 323
159 8 328
159 3 358
159 8 412
159 6 421
159 6 427
159 10 441
159 5 459
159 4 465
159 7 468
159 4 480
160 10 163
160 2 235
160 5 271
160 8 283
160 1 301
160 2 357
160 2 365
160 1 389
160 1 421
160 7 468
160 5 475
160 3 489
161 5 169
161 5 233
161 4 235
161 2 254
161 1 255
161 4 277
161 1 301
161 1 346
161 2 347
161 1 388
161 2 419
162 2 174
162 6 185
162 9 210
162 2 226
162 10 242
162 5 293
162 5 396
162 1 442
162 10 482
163 1 191
163 7 258
163 7 267
163 3 275
163 10 452
163 7 496
164 4 168
164 7 211
164 5 225
164 7 228
164 6 305
164 2 346
164 3 373
164 7 385
164 5 401
164 6 409
164 1 421
164 1 447
164 4 457
164 3 489
165 7 209
165 7 216
165 10 221
165 1 302
165 10 321
165 8 348
165 2 351
165 10 364
165 3 367
165 1 397
165 7 440
165 1 466
165 3 486
165 8 489
166 5 213
166 4 222
166 5 316
166 10 335
166 6 376
166 6 386
166 6 421
166 2 426
166 5 480
166 4 487
167 3 252
167 3 256
167 2 329
167 8 401
167 6 440
167 2 452
167 1 454
167 2 456
168 6 190
168 5 215
168 10 249
168 8 327
168 3 377
168 2 379
168 2 383
168 3 388
168 8 441
168 2 458
168 5 480
168 1 491
169 4 223
169 1 228
169 10 267
169 9 388
169 8 433
169 9 443
169 8 457
170 8 180
170 5 383
170 9 480
170 3 493
170 2 496
171 9 180
171 2 261
171 2 263
171 4 294
171 1 323
171 10 332
171 4 347
171 8 358
171 5 363
171 9 374
171 10 386
171 9 413
171 2 427
172 2 236
172 2 243
172 6 262
172 8 273
172 6 274
172 5 276
172 10 283
172 3 315
172 6 347
172 6 350
172 8 385
172 10 425
172 5 427
172 1 452
172 3 491
173 9 205
173 10 250
173 5 280
173 9 285
173 5 292
173 3 293
173 2 347
173 5 364
173 3 459
174 10 175
174 6 180
174 9 207
174 1 249
174 10 277
174 3 302
174 7 306
174 4 335
174 7 344
174 10 357
174 8 367
174 1 373
174 9 421
174 4 438
174 2 450
174 6 478
175 9 204
175 3 210
175 3 231
175 5 270
175 1 301
175 10 325
175 8 329
175 6 404
175 9 428
175 10 481
176 10 177
176 1 273
176 3 279
176 3 301
176 1 319
176 3 368
176 7 414
176 4 423
176 10 434
176 2 482
177 3 178
177 1 234
177 6 235
177 7 263
177 2 264
177 4 275
177 5 286
177 6 300
177 5 302
177 2 309
177 1 335
177 6 351
177 10 384
177 1 389
177 6 406
177 6 411
177 9 414
177 2 428
177 4 439
177 3 444
177 5 497
178 6 192
178 6 237
178 8 283
178 6 310
178 5 405
178 7 480
179 10 182
179 8 213
179 10 223
179 9 273
179 4 377
179 6 401
179 8 418
179 2 432
179 10 477
179 3 493
180 2 181
180 10 184
180 9 235
180 6 243
180 7 271
180 2 280
180 8 319
180 5 367
180 2 384
181 8 193
181 10 242
181 10 292
181 4 313
181 8 325
181 4 345
181 9 396
181 4 415
181 6 429
181 3 456
181 7 466
181 8 482
181 9 487
181 2 494
182 10 186
182 10 285
182 2 340
182 2 360
182 3 361
182 3 433
182 1 462
182 5 491
183 9 191
183 2 201
183 1 212
183 8 216
183 2 245
183 8 252
183 2 262
183 10 279
183 9 300
183 9 332
183 7 339
183 10 386
183 7 402
183 1 470
183 7 474
184 1 224
184 5 254
184 1 289
184 8 293
184 10 316
184 2 354
184 8 357
184 6 361
184 2 363
184 6 370
184 4 400
184 2 457
184 10 499
185 5 216
185 3 247
185 10 257
185 1 276
185 1 281
185 5 290
185 3 292
185 5 308
185 6 355
185 4 358
185 8 380
186 10 213
186 5 269
186 8 355
186 2 381
186 6 392
186 6 417
186 10 440
186 7 470
187 6 239
187 10 268
187 7 408
187 7 412
187 8 438
187 6 439
187 5 444
187 8 476
188 5 227
188 10 281
188 4 291
188 7 361
188 6 376
188 1 402
188 5 437
188 10 474
189 2 204
189 8 205
189 7 254
189 3 303
189 5 344
189 9 372
189 10 378
189 1 395
189 4 440
189 10 444
189 8 459
189 5 469
190 2 199
190 6 238
190 10 290
190 8 292
190 7 332
190 5 364
190 7 430
190 9 434
190 2 447
190 8 468
191 5 216
191 8 254
191 7 343
191 10 351
191 3 364
191 6 411
191 1 489
192 3 229
192 3 246
192 8 304
192 1 319
192 4 343
192 10 389
192 3 413
192 10 466
192 8 479
193 8 289
193 5 311
193 1 350
193 9 360
193 9 392
193 6 412
193 5 413
193 8 435
193 9 490
194 3 195
194 3 218
194 10 262
194 4 396
194 7 397
194 3 461
194 9 464
195 4 246
195 6 276
195 6 290
195 1 314
195 9 336
195 2 341
195 5 354
195 8 362
195 4 373
195 2 416
195 1 427
195 2 438
195 7 442
195 1 481
196 10 273
196 9 289
196 8 290
196 10 311
196 1 315
196 6 353
196 1 424
196 3 451
196 2 466
196 5 484
197 7 211
197 5 227
197 8 259
197 1 266
197 6 278
197 8 294
197 9 298
197 8 300
197 2 325
197 4 350
197 6 393
197 4 417
197 3 419
197 8 464
197 7 485
197 8 497
198 10 222
198 8 286
198 4 305
198 10 333
198 2 334
198 1 353
198 2 354
198 1 472
199 6 208
199 6 238
199 5 262
199 8 276
199 6 372
199 1 434
199 8 440
199 9 494
200 10 223
200 2 232
200 5 238
200 6 240
200 3 245
200 3 312
200 6 340
200 10 378
200 5 385
200 1 421
200 3 435
200 6 447
201 4 203
201 1 251
201 8 257
201 2 277
201 9 330
201 3 351
201 1 383
201 9 456
201 3 487
201 7 491
202 10 204
202 9 205
202 8 216
202 3 254
202 7 274
202 9 301
202 4 326
202 7 387
202 9 428
202 3 444
202 8 495
203 5 231
203 6 239
203 8 264
203 7 322
203 10 329
203 8 341
203 8 358
203 3 362
203 7 376
203 2 498
204 3 218
204 6 226
204 3 282
204 1 315
204 8 411
204 9 442
204 4 454
204 9 476
204 10 494
205 10 237
205 5 269
205 6 332
205 5 341
205 9 386
205 3 398
205 6 421
205 8 463
205 6 488
206 9 212
206 3 253
206 1 257
206 2 260
206 4 267
206 7 277
206 6 284
206 8 298
206 4 301
206 9 332
206 10 379
206 5 425
206 2 444
207 3 283
207 10 297
207 4 330
207 4 381
207 3 408
207 3 438
207 9 447
207 8 453
207 10 483
208 6 220
208 9 223
208 5 280
208 1 302
208 5 347
208 6 368
208 9 423
208 1 445
208 3 495
209 9 219
209 2 261
209 5 348
209 5 351
209 8 355
209 2 363
209 4 373
209 10 377
209 5 415
210 6 220
210 5 224
210 3 236
210 3 277
210 8 287
210 1 290
210 7 310
210 5 316
210 8 342
210 6 377
210 3 413
210 4 415
210 3 419
210 9 491
211 7 236
211 6 244
211 1 271
211 10 287
211 3 379
211 5 411
211 7 457
211 6 477
211 9 492
212 8 257
212 4 341
212 3 396
212 8 443
212 3 444
212 4 465
213 8 232
213 4 246
213 8 292
213 1 298
213 6 310
213 9 335
213 4 468
214 3 242
214 6 344
214 10 405
214 9 414
214 4 460
214 1 468
214 2 492
215 9 218
215 1 301
215 5 310
215 5 321
215 8 323
215 9 412
215 6 428
215 3 445
215 7 491
215 6 493
216 10 306
216 9 319
216 4 350
216 1 352
216 4 361
216 1 376
216 8 444
216 10 446
216 2 487
217 2 268
217 9 305
217 9 458
217 1 482
218 3 225
218 10 260
218 5 297
218 2 312
218 6 335
218 9 363
218 1 393
218 3 403
218 9 432
218 10 483
218 10 496
219 4 235
219 9 252
219 1 300
219 7 304
219 7 368
219 4 428
219 8 446
219 6 493
220 5 224
220 7 226
220 4 237
220 10 255
220 9 286
220 5 319
220 10 324
220 10 330
220 9 342
220 10 354
220 6 425
220 3 457
221 8 326
221 1 383
222 4 242
222 1 283
222 4 287
222 7 375
222 10 385
222 3 404
222 6 425
222 9 434
223 1 238
223 3 283
223 2 287
223 1 323
223 5 329
223 9 341
223 5 348
223 3 382
223 9 458
223 3 473
224 6 229
224 4 232
224 1 247
224 2 252
224 1 254
224 9 293
224 7 325
224 3 349
224 7 394
224 2 400
224 1 418
224 10 422
224 4 436
224 6 449
224 7 465
225 3 286
225 1 315
225 1 335
225 8 342
225 3 356
225 6 362
225 1 390
225 4 444
226 10 265
226 8 287
226 2 349
226 3 358
226 10 367
226 8 373
226 4 375
226 3 378
226 1 428
226 1 438
226 5 465
226 5 469
226 1 474
227 8 279
227 1 298
227 1 309
227 3 339
227 9 347
227 1 367
227 10 400
227 6 402
227 1 419
227 1 427
227 7 474
227 6 483
228 2 264
228 8 275
228 8 280
228 8 306
228 8 324
228 2 331
228 8 381
228 2 412
228 1 424
228 9 457
229 5 251
229 6 257
229 4 346
229 10 418
229 5 422
229 2 440
229 3 447
229 9 450
229 2 466
229 10 498
230 2 257
230 10 294
230 2 344
230 5 439
230 2 455
230 5 459
230 4 472
231 1 263
231 7 352
231 5 387
231 2 451
231 5 480
231 6 482
232 1 235
232 3 291
232 5 311
232 5 371
232 6 385
232 6 410
232 1 469
232 1 484
233 5 299
233 3 311
233 3 368
233 3 380
233 6 386
233 7 389
233 2 406
233 8 414
233 2 487
234 4 247
234 8 259
234 4 260
234 10 317
234 10 352
234 1 408
234 2 426
234 4 443
234 10 464
234 3 487
235 3 237
235 9 264
235 9 293
235 2 295
235 4 304
235 7 314
235 5 432
236 3 257
236 4 326
236 5 332
236 9 342
236 1 371
236 8 409
236 5 427
236 7 444
236 3 478
236 10 491
237 10 303
237 9 311
237 1 385
237 3 386
237 1 483
238 8 261
238 1 323
238 3 341
238 5 342
238 6 438
238 5 441
238 10 471
238 6 472
238 9 480
239 3 368
239 8 375
239 8 446
239 1 457
239 10 490
239 7 498
240 7 245
240 9 295
240 3 327
240 2 391
240 1 425
240 7 432
240 9 467
241 7 242
241 5 266
241 3 275
241 3 285
241 8 315
241 3 391
241 4 399
241 4 430
241 1 437
241 4 446
242 10 252
242 3 306
242 7 330
242 8 387
242 7 423
243 4 246
243 6 376
243 10 394
243 6 406
243 10 427
243 6 428
243 3 440
243 1 445
243 10 471
243 8 491
244 4 251
244 1 289
244 2 292
244 5 354
244 10 357
244 3 377
244 4 399
244 5 448
244 5 449
245 4 366
245 4 374
245 10 381
245 10 391
245 9 484
246 1 286
246 7 326
246 2 327
246 6 349
246 2 357
246 5 391
246 7 412
246 5 449
246 1 481
246 10 484
247 4 262
247 6 268
247 6 353
247 6 361
247 2 365
247 7 372
247 7 481
247 1 495
248 8 297
249 2 260
249 10 275
249 7 306
249 4 309
249 9 315
249 6 400
249 9 444
249 5 489
249 3 492
250 5 263
250 1 267
250 9 294
250 9 305
250 5 349
250 3 426
250 3 427
250 5 442
251 9 299
251 9 308
251 10 347
251 2 349
251 1 441
251 4 451
251 9 459
252 9 329
252 3 333
252 10 353
252 5 379
252 6 432
252 9 463
252 2 471
252 5 496
253 6 266
253 9 308
253 8 323
253 8 349
253 1 365
253 10 449
254 2 280
254 5 326
254 4 387
254 5 397
254 10 398
254 10 417
254 2 448
254 1 459
255 3 294
255 8 295
255 9 309
255 3 360
255 9 363
255 10 378
255 6 400
255 5 410
255 10 433
255 3 471
255 5 498
256 6 258
256 1 301
256 6 302
256 2 361
256 2 385
256 5 420
256 7 435
256 2 463
256 5 471
256 2 480
256 2 486
257 7 296
257 8 299
257 2 314
257 3 323
257 2 345
257 5 405
257 4 480
257 6 486
258 7 304
258 3 319
258 6 382
258 8 435
258 3 464
258 2 482
258 10 486
259 3 281
259 10 338
259 6 358
259 1 428
259 9 434
259 2 458
259 2 484
259 4 489
260 3 290
260 5 306
260 10 316
260 7 336
260 10 365
260 6 370
260 4 401
260 5 431
260 5 491
260 4 499
261 3 265
261 2 281
261 2 421
261 4 490
262 1 267
262 9 275
262 3 287
262 2 365
262 9 377
262 5 407
262 10 424
262 2 472
263 4 297
263 1 348
263 9 360
263 2 477
263 2 494
264 7 279
264 2 308
264 6 317
264 8 318
264 2 352
264 1 362
264 5 369
264 2 383
264 4 385
264 8 402
264 2 426
265 8 320
265 6 328
265 4 427
265 10 470
265 1 486
266 6 290
266 9 308
266 3 338
266 10 358
266 2 389
266 9 421
266 5 428
266 8 490
267 5 330
267 8 350
268 8 291
268 4 347
268 6 393
268 9 395
268 10 430
268 9 493
269 9 276
269 6 277
269 10 338
269 3 393
269 9 462
270 1 305
270 5 321
270 10 358
270 7 386
270 7 431
270 7 432
270 5 475
270 2 490
271 5 280
271 9 292
271 10 299
271 5 353
271 7 370
271 6 398
271 7 415
271 4 458
271 4 466
271 3 486
271 9 489
272 10 301
272 5 352
272 2 370
272 6 499
273 1 276
273 1 279
273 2 285
273 9 305
273 6 329
273 6 391
273 1 411
273 4 459
273 4 494
274 6 275
274 1 309
274 10 312
274 9 319
274 10 478
274 8 496
275 5 299
275 1 390
275 3 416
275 2 450
276 9 308
276 4 327
276 9 329
276 1 339
276 4 347
276 9 356
276 7 379
276 7 405
276 2 410
276 1 442
277 7 328
277 6 375
277 4 403
277 1 415
277 7 425
277 7 466
277 10 472
278 4 361
278 3 396
278 7 404
279 8 365
279 4 371
279 8 423
279 2 438
279 5 475
279 7 484
280 8 308
280 2 322
280 5 353
280 8 371
280 3 374
280 10 431
280 3 442
281 9 339
281 1 367
281 6 384
281 3 407
281 4 420
281 8 426
282 5 336
282 9 416
282 8 483
283 9 373
283 7 377
283 8 412
283 3 498
284 7 320
284 9 325
284 4 326
284 8 342
284 8 356
284 9 382
284 6 415
284 6 435
284 1 455
284 8 489
284 2 499
285 8 291
285 7 416
285 4 429
285 3 452
285 3 477
285 10 481
286 7 289
286 10 354
286 5 378
286 5 394
286 5 407
286 10 413
286 6 441
287 1 379
287 10 382
287 4 431
287 1 483
288 3 293
288 10 297
288 1 299
288 2 340
288 7 481
288 1 485
289 3 311
289 10 344
289 9 367
289 1 380
289 10 404
289 3 405
289 9 423
290 3 305
290 6 351
290 4 364
290 8 368
290 10 393
290 9 408
290 8 413
290 3 418
290 1 446
290 3 447
290 4 450
290 4 484
291 8 292
291 5 311
291 2 353
291 4 356
291 10 375
291 6 434
291 6 496
292 4 295
292 5 297
292 9 301
292 3 316
292 10 329
292 8 345
292 6 348
292 2 350
292 1 388
293 10 336
293 5 385
293 10 388
293 6 415
293 5 441
293 6 482
293 4 494
294 9 370
294 10 402
294 1 411
294 5 499
295 4 377
295 3 494
296 6 309
296 2 349
296 4 397
296 9 404
296 6 415
296 8 419
296 9 429
296 10 457
296 5 476
296 9 496
297 1 320
297 8 328
297 3 346
297 5 375
297 9 401
297 8 423
297 6 426
297 7 433
297 5 469
297 7 483
297 2 487
297 8 489
298 7 313
298 1 337
298 6 360
298 5 368
298 6 394
299 7 343
299 9 474
299 6 492
300 5 350
300 7 468
300 10 471
300 1 472
300 4 494
301 8 313
301 6 442
301 8 457
301 5 473
302 1 314
302 3 409
302 3 429
302 6 472
303 9 311
303 4 333
303 10 334
303 2 387
303 6 459
303 2 465
303 1 487
303 4 490
304 6 309
304 6 337
304 7 343
304 9 355
304 7 384
304 3 398
304 6 403
304 5 409
304 1 489
304 8 496
304 2 497
305 3 317
305 1 378
305 3 382
305 1 399
305 5 425
305 10 472
305 1 485
306 10 366
306 3 418
306 8 460
306 4 465
306 4 494
307 5 310
307 4 320
307 10 327
307 1 381
307 9 433
308 8 361
308 10 385
308 1 404
308 1 405
308 9 429
308 7 432
309 3 387
309 1 472
310 6 311
310 8 337
310 1 342
310 9 345
310 9 455
310 9 464
310 10 485
310 7 486
311 10 338
311 9 465
312 2 328
312 3 357
312 7 358
312 1 378
312 5 386
312 3 405
312 8 431
312 6 458
312 10 478
312 8 479
313 4 350
313 3 353
313 2 359
313 4 397
314 7 326
314 9 340
314 10 451
314 1 452
314 3 461
314 7 476
315 6 319
315 8 334
315 4 370
315 9 379
315 5 392
315 8 443
315 7 469
316 9 371
316 5 464
316 8 484
316 3 487
317 1 329
317 4 422
317 2 452
317 1 469
317 3 492
317 4 497
318 1 393
318 1 449
318 8 467
318 9 485
318 4 497
319 8 374
319 2 391
319 1 460
319 1 475
320 5 340
320 6 392
320 1 394
320 4 446
320 2 451
320 5 461
320 3 485
321 8 335
321 6 372
321 3 392
321 3 398
322 1 372
323 8 336
323 4 353
323 7 433
323 4 451
323 1 460
323 1 469
323 9 475
323 10 485
323 1 494
324 3 355
324 10 380
324 2 401
324 5 427
324 4 496
325 4 347
325 8 366
325 8 388
325 4 392
325 8 444
325 5 445
325 5 460
325 6 468
326 10 409
326 4 454
326 7 496
326 2 498
327 6 336
327 8 374
327 5 402
327 8 430
327 8 449
327 1 470
328 9 343
328 10 390
328 2 425
328 10 451
328 2 462
328 6 475
328 10 476
328 1 485
328 2 490
329 4 349
329 8 351
329 2 365
329 7 403
329 4 408
329 6 412
329 9 450
330 4 398
330 9 494
331 5 390
331 9 447
331 10 450
331 8 463
331 7 468
331 4 489
331 3 490
332 2 348
332 1 363
332 9 372
332 10 376
332 2 414
332 1 460
332 7 465
332 5 489
333 9 348
333 7 351
333 4 352
333 4 379
333 9 395
334 4 375
334 4 406
334 5 439
334 6 443
334 1 449
334 9 468
335 10 373
335 9 382
335 4 384
335 6 385
335 2 392
335 8 399
335 9 468
336 8 347
336 3 380
336 10 399
336 6 463
336 7 487
337 7 342
337 7 389
337 1 398
337 2 489
338 9 350
338 5 358
338 4 420
338 7 476
338 8 477
339 6 346
339 5 351
339 6 407
339 10 417
339 10 472
339 5 483
340 5 344
340 9 353
340 3 360
340 10 367
340 5 369
340 9 404
340 5 449
340 9 480
340 2 495
341 4 375
341 9 394
342 9 368
342 4 400
342 5 432
342 10 468
343 5 386
343 3 415
343 9 439
343 6 494
344 4 381
344 1 456
345 1 368
345 7 369
345 1 372
345 5 423
346 5 393
346 7 402
346 5 413
346 2 451
346 6 482
347 7 409
347 1 450
347 5 454
347 2 460
348 9 379
348 10 405
348 3 412
349 8 381
349 1 435
349 3 488
349 4 496
350 10 375
350 8 449
350 7 466
351 1 431
351 6 451
351 9 458
351 2 497
352 2 370
352 2 409
352 3 416
352 7 427
352 10 434
352 4 455
352 6 470
352 9 480
353 10 384
353 6 394
353 2 412
353 3 418
353 2 423
353 9 426
353 9 437
353 8 465
353 3 475
353 7 478
353 1 484
353 7 497
354 5 366
354 5 382
354 3 384
354 10 389
354 7 394
354 9 404
354 10 423
354 6 451
354 2 457
355 1 359
355 6 484
356 9 408
356 5 456
356 8 458
357 2 364
357 10 384
357 9 456
358 9 488
359 7 365
359 1 382
359 4 434
360 8 422
360 8 446
360 1 465
361 7 362
361 4 403
361 7 419
361 1 426
362 1 376
362 6 415
362 8 421
362 3 470
363 3 400
363 6 467
363 2 495
363 4 497
364 4 384
364 5 388
364 10 419
365 10 382
365 10 397
365 3 411
365 4 426
365 9 437
365 1 481
365 6 496
366 4 402
366 6 409
366 5 416
366 8 446
367 7 379
367 5 396
367 9 413
367 5 434
367 4 450
367 10 460
367 3 465
367 2 467
367 3 487
368 2 410
368 2 477
368 10 493
369 2 416
370 3 382
370 8 386
370 3 448
370 4 458
371 4 398
371 4 411
371 8 454
372 9 448
372 4 496
373 2 410
373 8 419
373 3 456
373 10 492
373 6 497
374 9 446
374 4 492
375 7 376
375 2 401
375 1 413
375 5 414
375 6 463
375 2 480
376 3 386
376 6 398
376 8 429
376 1 450
376 9 467
376 6 477
377 9 385
377 4 394
377 9 418
377 7 480
378 5 428
378 8 434
378 6 471
378 1 485
378 6 487
379 6 477
380 9 403
381 9 408
382 2 389
382 6 394
382 4 421
382 9 440
382 7 462
382 2 465
382 9 479
382 10 489
382 1 497
383 8 386
383 6 451
384 9 385
384 4 459
384 4 464
384 10 491
386 2 426
386 1 459
386 10 492
387 5 408
387 9 427
387 10 454
388 8 410
388 2 411
388 2 440
388 9 496
389 2 415
389 10 447
389 3 472
390 5 435
390 5 447
391 2 421
391 7 427
391 4 455
391 4 470
392 2 407
393 2 417
393 2 456
393 10 466
393 9 485
393 1 492
394 3 424
394 4 426
394 8 490
395 8 460
395 10 475
396 7 404
396 10 407
396 1 414
396 8 418
396 9 426
396 5 429
396 6 453
397 7 435
397 1 450
397 7 476
397 3 483
398 9 402
398 6 417
398 10 422
398 8 430
398 10 434
398 7 449
398 1 486
399 5 422
399 10 452
399 4 479
399 2 481
401 5 420
401 1 466
401 9 473
401 5 474
402 3 466
402 10 493
403 2 418
403 1 428
403 7 479
403 2 494
404 4 427
404 2 439
404 4 443
404 7 460
405 6 449
406 10 444
406 8 499
407 10 433
408 1 427
408 7 446
409 3 418
410 5 436
410 1 442
410 3 448
410 8 449
411 7 429
411 3 469
411 8 470
411 6 477
412 1 479
413 9 425
413 9 434
413 3 447
414 9 424
414 7 431
414 3 465
414 7 487
415 9 441
415 3 461
415 9 465
416 4 468
416 3 494
417 1 421
417 9 446
417 6 478
418 6 443
418 3 481
418 9 485
419 5 421
419 7 486
421 5 460
422 4 427
422 5 430
422 9 480
422 6 489
422 6 490
422 2 495
423 8 440
423 9 467
423 7 488
424 1 472
424 10 492
424 1 496
425 3 441
425 1 445
425 8 496
426 5 466
426 3 490
427 1 431
427 2 444
427 9 489
427 10 494
429 9 456
429 8 464
429 6 485
430 5 433
430 5 451
430 4 490
431 5 479
431 6 487
432 3 433
432 2 440
432 3 472
432 8 477
433 1 458
433 8 484
433 9 487
433 2 490
434 9 486
436 5 460
436 9 465
436 9 469
437 1 449
437 5 456
438 6 473
439 4 440
439 4 467
439 10 470
439 10 471
439 4 488
440 7 451
440 4 495
440 8 498
440 6 499
441 3 452
442 9 489
444 7 462
445 7 448
445 3 469
446 7 454
446 10 460
446 6 464
446 8 468
446 4 483
447 6 448
447 10 465
448 5 451
448 2 465
449 4 460
449 1 462
449 3 465
450 3 487
451 1 463
451 4 489
451 7 491
453 6 490
453 5 493
454 5 462
456 6 479
457 3 478
457 3 490
458 7 498
459 8 465
459 2 488
460 2 476
460 4 485
461 4 488
461 1 492
464 8 473
466 1 468
467 9 477
467 6 480
467 7 490
471 2 499
472 2 476
472 4 487
472 10 492
473 4 481
473 4 491
474 1 486
475 7 481
476 7 491
476 4 495
477 9 497
477 6 499
479 6 498
481 1 485
481 4 498
482 3 497
483 4 498
484 5 490
485 10 491
486 9 498
490 7 494
