500
0 7 29
0 9 39
0 10 56
0 8 62
0 1 67
0 5 69
0 9 76
0 1 103
0 6 116
0 1 133
0 1 140
0 3 155
0 10 161
0 6 164
0 9 171
0 3 199
0 1 228
0 7 237
0 10 261
0 2 272
0 9 287
0 6 311
0 8 318
0 1 320
0 8 325
0 3 331
0 8 360
0 2 377
0 7 408
0 3 442
0 6 481
1 4 4
1 10 50
1 8 74
1 2 106
1 4 137
1 4 165
1 6 173
1 7 195
1 3 201
1 8 224
1 1 256
1 10 262
1 6 267
1 1 275
1 5 334
1 5 346
1 1 354
1 3 395
1 9 447
1 4 453
1 10 473
2 10 26
2 3 31
2 2 33
2 1 40
2 7 80
2 2 93
2 9 94
2 9 127
2 10 179
2 6 194
2 10 231
2 6 273
2 1 286
2 4 292
2 1 304
2 6 328
2 7 357
2 10 395
2 9 403
2 8 409
2 3 412
3 4 9
3 1 19
3 2 79
3 2 88
3 10 141
3 8 169
3 3 181
3 4 195
3 3 204
3 1 226
3 10 235
3 3 241
3 8 249
3 10 269
3 1 310
3 4 378
3 3 382
3 6 388
3 2 399
3 6 421
3 6 432
3 9 434
3 10 473
3 7 485
3 1 491
3 2 493
4 5 5
4 7 9
4 8 12
4 10 24
4 5 55
4 2 63
4 7 70
4 6 94
4 7 96
4 9 97
4 9 113
4 6 128
4 5 142
4 2 157
4 6 160
4 6 201
4 9 206
4 4 224
4 10 251
4 2 286
4 9 293
4 6 319
4 6 321
4 2 346
4 10 379
4 2 414
4 1 483
5 3 14
5 5 58
5 5 63
5 4 115
5 6 119
5 4 127
5 1 134
5 10 157
5 3 206
5 1 253
5 2 254
5 8 363
5 9 384
5 6 400
5 5 451
5 10 453
5 7 457
5 3 470
5 9 480
6 2 15
6 2 17
6 7 27
6 1 59
6 6 64
6 5 103
6 8 116
6 1 119
6 5 130
6 5 166
6 8 250
6 9 263
6 10 283
6 2 284
6 2 287
6 6 311
6 3 320
6 10 322
6 3 344
6 8 373
6 10 392
6 10 397
6 1 400
6 4 403
6 6 418
6 5 428
6 7 460
6 9 467
6 3 494
7 8 9
7 9 34
7 4 36
7 8 129
7 3 179
7 4 215
7 7 224
7 5 235
7 7 241
7 10 246
7 5 273
7 5 349
7 10 384
7 3 439
7 9 452
7 1 461
7 2 467
7 4 482
7 4 495
8 2 72
8 10 77
8 8 100
8 10 101
8 6 116
8 4 150
8 5 171
8 3 201
8 6 202
8 10 214
8 3 236
8 7 253
8 7 263
8 9 293
8 2 302
8 9 312
8 7 352
8 9 369
8 4 374
8 7 403
8 8 486
9 4 21
9 10 109
9 4 116
9 6 130
9 10 147
9 7 150
9 7 159
9 4 173
9 9 211
9 2 308
9 4 316
9 1 349
9 10 361
9 9 362
9 8 423
9 8 483
9 9 484
10 7 64
10 10 71
10 2 105
10 9 111
10 9 114
10 2 137
10 6 195
10 1 230
10 10 257
10 9 302
10 10 316
10 9 317
10 8 327
10 8 356
10 2 398
10 5 414
10 7 428
10 10 441
10 9 464
10 8 478
10 7 480
11 4 35
11 9 67
11 8 69
11 6 70
11 9 172
11 10 191
11 9 204
11 3 232
11 4 233
11 9 245
11 8 312
11 2 422
11 3 467
11 9 483
11 4 486
12 10 16
12 3 20
12 7 61
12 7 117
12 7 145
12 7 151
12 9 156
12 2 168
12 1 213
12 9 244
12 10 258
12 3 299
12 9 306
12 6 320
12 1 355
12 3 362
12 5 363
12 2 384
12 8 386
12 7 409
12 8 450
12 5 483
12 4 491
12 3 496
12 5 498
13 5 17
13 6 20
13 3 41
13 3 44
13 4 47
13 5 71
13 1 98
13 5 116
13 7 128
13 8 138
13 1 141
13 7 152
13 2 199
13 2 202
13 8 216
13 8 257
13 10 262
13 8 272
13 5 279
13 6 288
13 5 337
13 8 395
13 8 414
13 8 427
13 10 497
14 2 25
14 1 46
14 6 125
14 8 185
14 8 189
14 3 208
14 10 211
14 8 221
14 7 227
14 1 230
14 4 243
14 8 249
14 2 290
14 5 325
14 9 345
14 4 370
14 5 389
14 6 417
14 10 464
14 6 467
14 2 481
15 4 19
15 7 20
15 8 70
15 8 111
15 4 138
15 1 206
15 1 212
15 7 236
15 7 257
15 10 277
15 4 301
15 9 320
15 4 323
15 6 349
15 1 353
15 6 379
15 6 388
15 1 415
15 9 452
15 7 461
15 3 462
16 9 18
16 10 19
16 8 36
16 7 81
16 3 98
16 9 106
16 6 109
16 10 123
16 3 136
16 2 213
16 4 218
16 10 224
16 8 260
16 7 272
16 3 290
16 9 365
16 4 390
16 2 411
16 10 424
16 3 465
16 9 491
17 6 58
17 5 108
17 6 141
17 9 169
17 1 183
17 9 196
17 3 199
17 9 220
17 1 231
17 7 294
17 10 307
17 1 309
17 1 344
17 7 411
17 7 458
18 2 30
18 9 69
18 5 76
18 4 135
18 2 166
18 10 177
18 8 197
18 8 210
18 3 211
18 7 215
18 6 217
18 10 245
18 6 289
18 2 294
18 6 326
18 8 327
18 1 392
18 4 396
18 6 435
18 9 439
18 7 448
18 7 451
18 3 459
18 9 495
19 2 23
19 7 32
19 5 97
19 3 143
19 10 147
19 6 148
19 10 187
19 6 203
19 10 232
19 7 233
19 8 240
19 8 241
19 4 326
19 5 333
19 7 335
19 7 340
19 8 362
19 10 383
20 2 50
20 8 55
20 3 105
20 8 174
20 10 207
20 5 241
20 7 260
20 1 278
20 8 309
20 5 320
20 2 321
20 2 366
20 6 409
20 6 441
20 5 452
20 6 453
20 5 459
20 5 470
20 5 484
21 6 23
21 4 41
21 9 54
21 10 89
21 8 115
21 3 127
21 2 161
21 9 162
21 10 166
21 8 167
21 7 171
21 5 185
21 9 186
21 6 205
21 10 254
21 6 256
21 4 266
21 8 292
21 7 293
21 5 330
21 4 414
22 7 24
22 5 47
22 7 59
22 10 66
22 6 68
22 6 87
22 10 103
22 8 135
22 2 140
22 1 160
22 3 194
22 5 235
22 9 255
22 4 280
22 8 294
22 5 299
22 10 346
22 4 390
22 8 393
22 2 402
22 2 446
22 6 454
22 9 465
22 3 472
22 5 496
23 3 25
23 2 117
23 1 123
23 2 138
23 2 141
23 10 172
23 3 201
23 9 212
23 1 217
23 2 221
23 6 237
23 9 252
23 5 262
23 10 282
23 10 294
23 2 307
23 7 312
23 3 351
23 10 375
23 8 402
23 8 404
23 1 412
23 7 450
23 7 495
24 10 25
24 10 74
24 10 90
24 10 105
24 8 126
24 8 132
24 2 139
24 7 144
24 2 148
24 8 203
24 1 217
24 5 244
24 6 277
24 9 307
24 7 337
24 8 356
24 2 380
24 9 399
24 9 441
24 5 443
24 3 452
24 6 465
24 3 491
25 6 62
25 2 89
25 4 102
25 6 103
25 3 120
25 2 124
25 3 128
25 10 132
25 1 150
25 7 217
25 7 266
25 7 288
25 7 291
25 3 351
25 1 361
25 10 372
25 8 386
25 4 409
25 1 436
26 1 53
26 2 90
26 1 91
26 2 113
26 7 154
26 10 159
26 1 172
26 7 186
26 3 204
26 4 222
26 7 240
26 2 244
26 8 248
26 8 280
26 3 300
26 7 307
26 3 309
26 2 320
26 4 328
26 4 345
26 6 396
26 5 402
26 2 407
26 8 432
26 2 487
27 1 28
27 9 52
27 9 71
27 7 89
27 1 107
27 7 143
27 10 144
27 3 177
27 7 186
27 5 197
27 2 224
27 9 229
27 3 285
27 2 287
27 6 307
27 7 338
27 2 376
27 7 402
27 3 408
27 4 437
27 3 489
28 2 45
28 8 71
28 4 89
28 1 91
28 9 139
28 1 143
28 5 187
28 3 234
28 10 248
28 1 270
28 4 290
28 4 308
28 1 315
28 7 317
28 9 321
28 7 322
28 7 335
28 6 339
28 1 360
28 9 361
28 4 365
28 3 375
28 1 401
28 5 408
28 10 410
28 9 442
28 4 488
28 9 493
29 4 33
29 7 78
29 7 106
29 1 162
29 2 172
29 5 193
29 6 213
29 3 224
29 3 232
29 6 269
29 1 391
29 8 395
29 7 428
29 4 449
29 5 456
29 7 479
29 2 484
29 4 495
30 9 59
30 6 98
30 3 105
30 5 114
30 2 127
30 9 153
30 1 166
30 10 203
30 10 209
30 9 222
30 3 271
30 3 282
30 3 304
30 10 305
30 10 326
30 5 339
30 5 345
30 4 373
30 3 397
30 4 413
30 1 447
30 9 474
30 7 475
30 1 486
30 1 493
30 9 496
31 3 73
31 2 78
31 5 80
31 10 99
31 3 104
31 6 107
31 8 151
31 6 186
31 4 198
31 9 229
31 9 257
31 4 264
31 7 314
31 4 329
31 3 350
31 1 391
31 8 469
32 1 44
32 10 46
32 1 70
32 5 110
32 6 111
32 10 114
32 2 122
32 5 123
32 1 146
32 10 196
32 7 216
32 3 230
32 2 274
32 5 325
32 7 340
32 9 343
32 8 351
32 9 358
32 1 380
32 4 396
32 6 414
32 5 443
32 9 449
32 5 460
32 2 472
32 5 489
32 5 491
33 1 67
33 2 154
33 2 168
33 3 186
33 4 207
33 9 342
33 7 395
33 9 416
33 8 436
33 9 478
33 6 487
33 1 497
34 6 38
34 7 40
34 2 41
34 9 54
34 7 84
34 9 123
34 10 136
34 8 172
34 2 219
34 2 236
34 3 251
34 5 264
34 2 277
34 9 304
34 7 315
34 2 319
34 6 472
35 7 103
35 2 152
35 2 166
35 2 193
35 5 243
35 2 252
35 1 261
35 5 299
35 4 301
35 5 313
35 3 343
35 9 384
35 9 407
35 2 446
36 7 77
36 10 81
36 1 109
36 1 122
36 8 152
36 9 179
36 3 193
36 3 222
36 8 244
36 7 259
36 6 277
36 7 294
36 10 296
36 10 312
36 8 333
36 3 338
36 6 381
36 5 386
36 9 398
36 7 404
36 1 435
36 1 455
36 4 472
37 9 38
37 7 39
37 8 44
37 7 62
37 6 66
37 10 69
37 4 80
37 8 110
37 5 137
37 2 187
37 5 198
37 4 215
37 10 220
37 2 223
37 6 233
37 5 240
37 10 271
37 1 297
37 5 317
37 9 341
37 5 345
37 10 354
37 9 359
37 2 380
37 1 430
37 5 440
37 5 466
37 3 478
37 6 487
38 4 67
38 4 99
38 7 113
38 8 128
38 4 132
38 5 134
38 3 142
38 5 160
38 1 182
38 5 184
38 2 202
38 10 205
38 7 232
38 9 242
38 1 297
38 2 331
38 2 417
38 5 424
38 7 427
38 8 441
38 2 445
39 4 41
39 3 43
39 2 73
39 9 124
39 2 138
39 7 173
39 10 177
39 10 183
39 3 202
39 7 245
39 5 259
39 3 271
39 10 281
39 3 291
39 1 295
39 3 302
39 3 310
39 7 320
39 9 328
39 2 376
39 3 386
39 3 424
39 5 446
39 2 468
39 5 480
39 6 490
39 3 496
40 5 41
40 1 44
40 6 74
40 1 106
40 6 117
40 5 153
40 8 217
40 3 283
40 3 284
40 2 297
40 9 304
40 9 313
40 6 357
40 10 375
40 8 380
40 8 413
40 2 414
40 3 421
40 7 426
40 10 439
40 2 446
40 1 447
40 5 476
41 3 50
41 3 55
41 9 70
41 5 93
41 10 94
41 7 160
41 1 218
41 4 228
41 5 262
41 1 272
41 5 273
41 3 297
41 6 324
41 8 376
41 10 406
41 8 444
42 6 43
42 5 51
42 3 84
42 4 93
42 3 125
42 9 140
42 1 158
42 6 184
42 2 213
42 10 216
42 4 223
42 4 229
42 2 237
42 7 253
42 9 256
42 1 261
42 2 266
42 1 273
42 5 280
42 3 284
42 1 300
42 7 306
42 4 331
42 7 353
42 8 368
42 9 376
42 10 378
42 2 385
42 7 399
42 2 427
42 9 497
43 4 53
43 1 54
43 6 72
43 5 74
43 4 81
43 3 94
43 3 99
43 5 132
43 4 172
43 5 175
43 6 177
43 6 222
43 5 250
43 10 255
43 4 275
43 7 302
43 1 323
43 7 332
43 8 345
43 3 381
43 3 422
43 8 429
43 1 469
43 9 486
43 10 491
44 8 54
44 2 88
44 10 92
44 3 132
44 1 150
44 8 153
44 10 160
44 7 174
44 8 175
44 5 215
44 6 260
44 8 261
44 1 293
44 5 299
44 4 309
44 8 312
44 6 339
44 5 362
44 2 390
44 9 433
44 5 476
44 7 480
45 5 82
45 9 95
45 1 129
45 1 165
45 6 272
45 4 279
45 5 302
45 4 311
45 5 325
45 7 349
45 3 370
45 4 384
45 3 408
45 7 413
45 5 422
45 7 426
45 5 470
45 1 473
45 1 474
45 5 475
45 1 482
46 10 55
46 5 57
46 2 69
46 1 116
46 10 130
46 9 149
46 2 165
46 6 204
46 5 226
46 7 229
46 2 234
46 7 235
46 4 243
46 10 271
46 7 304
46 6 316
46 7 334
46 1 335
46 3 370
46 6 372
46 1 392
46 4 408
46 2 434
46 3 436
46 8 442
46 4 464
46 9 496
47 9 63
47 7 74
47 7 197
47 4 226
47 6 245
47 8 253
47 8 261
47 7 267
47 8 268
47 3 309
47 3 328
47 8 334
47 4 356
47 5 358
47 8 395
47 5 407
47 6 456
47 5 485
48 3 57
48 8 80
48 10 92
48 10 93
48 2 120
48 6 121
48 1 134
48 8 137
48 5 144
48 5 152
48 4 153
48 2 160
48 7 201
48 1 202
48 6 260
48 6 308
48 8 317
48 4 339
48 7 343
48 3 361
48 3 406
48 4 414
48 3 427
48 5 438
48 5 476
48 7 492
49 7 50
49 3 51
49 1 74
49 10 128
49 5 129
49 2 154
49 2 159
49 8 162
49 8 169
49 10 202
49 10 231
49 7 303
49 10 338
49 9 366
49 2 398
49 1 418
49 5 444
49 1 471
50 6 53
50 10 54
50 9 59
50 7 71
50 5 95
50 5 100
50 7 130
50 5 183
50 7 223
50 1 244
50 5 270
50 6 279
50 8 301
50 7 307
50 9 325
50 9 326
50 4 371
50 2 400
50 2 468
50 8 471
50 6 479
50 2 485
51 2 80
51 7 89
51 1 110
51 9 199
51 10 202
51 9 209
51 5 222
51 7 238
51 1 241
51 2 267
51 8 292
51 3 297
51 1 299
51 2 300
51 1 305
51 3 318
51 1 356
51 3 372
51 3 390
51 1 415
51 8 431
51 3 432
51 4 439
51 3 480
51 2 484
52 6 82
52 1 103
52 4 157
52 9 158
52 10 171
52 2 199
52 10 248
52 9 375
52 6 385
52 4 387
52 2 393
52 4 398
52 6 471
52 8 482
52 4 486
52 7 488
53 1 71
53 3 75
53 1 94
53 2 109
53 5 146
53 5 189
53 6 213
53 8 268
53 9 280
53 5 287
53 8 302
53 4 315
53 1 329
53 10 330
53 5 334
53 1 338
53 7 351
53 1 371
53 10 389
53 8 400
53 4 415
53 5 431
53 4 472
54 4 89
54 7 102
54 9 109
54 1 121
54 5 138
54 6 156
54 8 169
54 2 175
54 2 181
54 4 189
54 6 227
54 8 236
54 1 238
54 7 258
54 2 264
54 1 269
54 5 320
54 5 344
54 9 366
54 1 382
54 1 392
54 7 450
54 5 468
55 2 101
55 8 171
55 10 180
55 2 191
55 3 200
55 6 201
55 8 203
55 9 256
55 8 274
55 3 288
55 9 346
55 3 350
55 9 361
55 9 379
55 2 397
55 4 412
55 9 429
55 2 437
55 7 458
56 9 73
56 3 79
56 7 103
56 4 137
56 5 156
56 3 159
56 9 191
56 3 248
56 9 287
56 1 302
56 7 307
56 1 343
56 10 359
56 6 369
56 2 384
56 1 399
56 2 412
56 6 423
56 1 424
56 2 444
56 2 485
56 2 492
56 3 499
57 9 84
57 8 102
57 10 110
57 4 129
57 9 146
57 4 149
57 7 190
57 3 202
57 10 210
57 9 244
57 5 270
57 7 353
57 2 390
57 10 410
57 9 415
57 4 425
57 5 437
57 4 468
57 4 481
57 9 482
57 2 493
58 8 69
58 9 82
58 4 86
58 7 92
58 1 98
58 9 128
58 6 142
58 1 143
58 4 152
58 4 183
58 7 230
58 2 293
58 1 320
58 9 358
58 3 431
58 6 436
58 9 449
58 3 465
58 6 497
59 10 82
59 8 86
59 7 159
59 4 190
59 5 258
59 6 260
59 1 311
59 7 320
59 1 322
59 9 348
59 5 390
59 5 394
59 1 398
59 2 421
59 3 448
59 6 461
59 2 478
60 5 74
60 1 77
60 1 104
60 2 115
60 10 143
60 5 157
60 3 203
60 6 225
60 9 236
60 4 250
60 5 274
60 9 327
60 3 404
60 5 409
60 7 410
60 7 432
60 8 480
61 5 76
61 2 100
61 10 131
61 4 136
61 6 197
61 2 246
61 6 292
61 6 312
61 7 315
61 3 389
61 9 396
61 10 443
61 9 459
61 2 477
61 6 488
62 10 91
62 8 92
62 9 116
62 10 136
62 9 150
62 2 162
62 8 163
62 8 273
62 7 303
62 10 337
62 10 339
62 1 358
62 9 372
62 7 390
62 3 403
62 10 414
62 1 421
62 10 424
62 1 427
62 8 442
62 6 457
62 2 492
62 7 496
63 10 105
63 7 107
63 3 108
63 6 113
63 8 197
63 10 198
63 6 210
63 7 214
63 1 221
63 7 241
63 4 243
63 10 285
63 6 295
63 6 316
63 5 331
63 5 371
63 7 376
63 1 428
63 9 432
63 1 439
63 9 451
64 1 91
64 1 157
64 2 177
64 4 196
64 10 220
64 9 244
64 3 259
64 9 271
64 3 301
64 4 314
64 10 349
64 6 368
64 4 397
64 7 401
64 6 405
64 1 414
64 2 456
64 4 459
64 10 468
64 3 470
64 1 488
65 3 85
65 1 92
65 3 162
65 4 191
65 1 205
65 2 213
65 1 236
65 5 241
65 5 320
65 7 331
65 5 435
65 5 436
65 10 496
66 5 93
66 8 141
66 3 153
66 1 156
66 3 157
66 7 224
66 8 264
66 9 271
66 7 277
66 10 281
66 4 327
66 9 332
66 1 338
66 10 367
66 7 377
66 9 378
66 1 403
66 4 430
66 3 446
66 4 464
66 10 474
66 1 496
67 7 70
67 8 104
67 6 123
67 3 167
67 4 183
67 7 191
67 5 245
67 9 246
67 8 254
67 9 263
67 8 272
67 3 293
67 8 322
67 3 331
67 5 332
67 8 341
67 10 368
67 6 397
67 8 426
67 7 427
67 10 448
67 1 480
67 9 493
68 7 93
68 7 116
68 10 139
68 9 159
68 4 161
68 1 168
68 10 188
68 10 219
68 10 252
68 8 256
68 5 265
68 5 271
68 6 314
68 3 340
68 5 406
68 5 451
68 1 472
68 5 480
69 1 77
69 2 90
69 6 108
69 1 111
69 2 128
69 3 129
69 10 148
69 10 159
69 6 163
69 4 206
69 4 216
69 5 262
69 10 295
69 6 308
69 3 319
69 3 326
69 1 329
69 9 352
69 7 428
69 3 430
69 8 432
69 3 454
69 3 475
69 2 476
69 9 497
70 3 170
70 8 217
70 6 248
70 3 364
70 6 392
70 6 411
70 4 412
70 5 431
70 6 447
70 2 467
70 1 479
71 3 133
71 5 152
71 7 163
71 6 176
71 10 212
71 8 228
71 7 239
71 2 246
71 4 280
71 3 291
71 9 294
71 7 319
71 6 328
71 6 340
71 4 346
71 7 348
71 6 359
71 7 369
71 1 370
71 10 384
71 2 404
71 5 437
71 5 448
71 5 460
71 3 478
72 5 74
72 5 100
72 5 166
72 5 184
72 5 202
72 10 240
72 8 270
72 1 284
72 7 318
72 5 378
72 7 428
72 1 436
72 2 441
72 8 448
72 2 479
73 3 99
73 8 103
73 2 104
73 9 155
73 10 198
73 2 214
73 7 226
73 6 244
73 10 276
73 2 294
73 10 351
73 6 362
73 5 372
73 2 393
73 3 405
73 4 491
74 7 93
74 7 113
74 9 123
74 5 130
74 5 139
74 5 162
74 8 225
74 5 233
74 1 296
74 4 315
74 1 321
74 3 324
74 3 326
74 8 335
74 8 361
74 6 377
74 4 388
74 8 396
74 3 481
74 8 491
75 1 152
75 5 186
75 9 210
75 3 213
75 5 220
75 9 223
75 7 238
75 6 276
75 8 279
75 3 284
75 5 328
75 2 332
75 10 343
75 3 364
75 3 420
75 9 485
76 9 142
76 1 169
76 2 172
76 6 173
76 3 209
76 3 250
76 2 252
76 2 256
76 3 257
76 7 273
76 4 279
76 1 286
76 7 300
76 8 308
76 1 325
76 8 337
76 3 357
76 2 368
76 7 372
76 2 373
76 10 407
76 9 417
76 8 448
76 5 487
77 10 89
77 4 96
77 7 111
77 5 121
77 5 147
77 9 183
77 5 184
77 1 225
77 7 230
77 2 251
77 1 263
77 10 346
77 6 353
77 6 359
77 7 390
77 9 399
77 2 439
77 8 460
77 4 478
78 10 122
78 4 160
78 2 194
78 9 206
78 7 208
78 6 229
78 5 234
78 2 274
78 5 275
78 6 295
78 2 431
78 1 469
78 6 499
79 4 89
79 6 119
79 2 125
79 10 159
79 3 194
79 3 234
79 4 258
79 1 287
79 4 384
79 2 404
79 2 408
79 9 449
79 6 450
79 7 489
80 1 119
80 1 129
80 9 164
80 9 170
80 2 175
80 5 206
80 2 218
80 5 266
80 1 274
80 6 337
80 4 363
80 7 372
80 3 384
80 9 389
80 5 395
80 1 402
80 3 447
80 6 457
80 6 469
80 6 471
81 8 114
81 6 147
81 8 149
81 5 152
81 6 155
81 10 163
81 4 177
81 7 184
81 6 234
81 10 277
81 1 309
81 7 319
81 9 385
81 1 396
81 9 438
82 3 146
82 1 148
82 4 155
82 9 163
82 7 168
82 3 169
82 8 197
82 4 213
82 10 276
82 3 318
82 7 323
82 5 331
82 3 350
82 9 386
82 4 392
82 1 403
82 10 405
82 6 414
82 2 428
82 3 435
82 6 460
82 9 463
82 7 494
83 3 88
83 6 98
83 7 108
83 5 150
83 9 166
83 5 167
83 4 169
83 8 172
83 4 191
83 5 236
83 4 251
83 9 262
83 7 287
83 1 289
83 6 293
83 1 301
83 2 352
83 2 361
83 8 380
83 5 383
83 2 387
83 10 388
83 2 407
83 5 472
84 6 98
84 4 120
84 3 146
84 4 166
84 3 167
84 8 207
84 10 210
84 9 220
84 3 247
84 6 282
84 4 288
84 3 292
84 8 293
84 4 324
84 6 331
84 2 362
84 4 366
84 7 373
84 10 380
84 9 385
84 5 396
84 9 400
84 3 412
84 7 424
84 8 444
85 6 135
85 5 158
85 9 163
85 4 222
85 2 223
85 9 225
85 9 244
85 9 260
85 3 262
85 8 298
85 2 301
85 5 337
85 7 338
85 7 358
85 3 365
85 6 414
85 5 465
85 3 470
85 2 475
85 6 483
85 10 491
86 1 91
86 10 122
86 7 147
86 10 153
86 6 185
86 10 187
86 9 215
86 5 226
86 7 253
86 10 420
86 8 435
86 3 449
86 5 478
86 5 482
87 8 123
87 7 143
87 10 163
87 2 190
87 2 197
87 6 213
87 4 257
87 1 270
87 10 277
87 2 293
87 7 295
87 2 302
87 6 323
87 5 342
87 10 353
87 3 360
87 3 363
87 3 372
87 4 389
87 3 411
87 3 432
88 5 102
88 2 107
88 2 109
88 1 145
88 4 172
88 5 272
88 1 276
88 6 291
88 1 310
88 7 316
88 5 354
88 4 357
88 2 378
88 1 379
88 8 387
88 9 406
88 6 474
88 8 475
88 2 490
88 8 494
89 6 97
89 8 172
89 10 200
89 3 205
89 2 219
89 10 237
89 1 248
89 5 269
89 10 281
89 8 322
89 4 327
89 6 351
89 2 355
89 8 378
89 6 422
89 8 431
89 5 446
89 5 456
89 7 497
90 4 130
90 1 131
90 10 134
90 1 136
90 6 144
90 10 198
90 9 232
90 1 234
90 3 251
90 1 254
90 6 268
90 4 290
90 5 340
90 2 356
90 1 358
90 1 379
90 10 395
90 8 469
90 2 480
91 4 98
91 7 106
91 7 114
91 8 136
91 1 156
91 3 165
91 4 170
91 3 271
91 8 276
91 9 298
91 10 308
91 7 309
91 10 330
91 6 377
91 4 391
91 3 426
91 10 444
91 4 454
91 1 465
91 8 485
91 10 488
91 6 491
91 2 499
92 6 106
92 8 107
92 3 109
92 6 198
92 2 223
92 4 228
92 1 241
92 3 257
92 9 299
92 6 314
92 8 324
92 9 325
92 9 328
92 6 331
92 3 339
92 5 379
92 6 401
92 2 419
92 2 430
92 7 453
92 4 466
92 9 472
92 10 474
92 10 476
92 9 499
93 1 112
93 2 158
93 1 185
93 10 203
93 7 228
93 6 265
93 1 314
93 1 331
93 9 336
93 8 357
93 3 453
93 4 486
94 3 95
94 1 96
94 9 116
94 8 127
94 9 145
94 10 149
94 1 227
94 2 228
94 9 255
94 3 258
94 6 281
94 3 302
94 8 307
94 5 311
94 7 336
94 4 343
94 4 347
94 2 388
94 3 397
94 3 406
94 5 436
94 7 441
95 1 146
95 1 173
95 3 180
95 6 182
95 6 210
95 5 221
95 8 265
95 4 286
95 5 307
95 3 327
95 7 353
95 8 412
95 2 436
95 8 454
95 6 480
95 7 484
95 3 499
96 4 99
96 2 107
96 5 135
96 5 136
96 3 161
96 7 174
96 4 207
96 5 212
96 4 216
96 1 228
96 9 229
96 9 243
96 10 245
96 10 250
96 6 259
96 5 277
96 1 320
96 5 365
96 6 369
96 2 370
96 3 377
96 2 388
96 5 418
96 1 434
96 9 446
96 10 471
96 2 489
97 9 100
97 3 101
97 2 117
97 4 136
97 4 138
97 7 140
97 8 144
97 8 157
97 5 170
97 5 202
97 7 246
97 10 270
97 7 326
97 6 335
97 5 353
97 7 373
97 8 403
97 7 478
98 7 181
98 7 206
98 9 235
98 7 276
98 8 285
98 8 295
98 5 316
98 4 334
98 2 343
98 7 381
98 5 408
98 3 425
98 2 429
98 6 434
98 2 440
98 7 447
98 6 450
98 9 486
98 5 495
99 3 125
99 2 131
99 2 200
99 10 219
99 1 229
99 10 242
99 7 310
99 2 319
99 10 341
99 3 380
99 8 388
99 6 390
99 9 470
100 2 115
100 7 124
100 1 135
100 7 186
100 3 197
100 7 226
100 10 229
100 1 264
100 2 292
100 1 327
100 7 346
100 8 373
100 2 387
100 2 398
100 8 402
100 8 404
100 5 413
100 5 452
100 4 463
100 3 470
101 7 121
101 7 152
101 9 169
101 3 231
101 6 246
101 1 261
101 8 287
101 3 293
101 1 302
101 9 326
101 8 357
101 2 363
101 4 373
101 2 378
101 4 402
101 3 414
101 5 423
101 9 488
101 8 498
101 6 499
102 8 143
102 8 150
102 2 163
102 1 180
102 4 225
102 10 237
102 6 241
102 7 357
102 5 399
102 7 413
102 1 481
102 1 497
103 4 120
103 6 161
103 9 184
103 1 188
103 2 205
103 7 208
103 1 211
103 4 220
103 4 225
103 3 231
103 7 280
103 3 283
103 1 288
103 1 289
103 6 292
103 4 315
103 4 328
103 10 337
103 6 339
103 5 351
103 9 352
103 1 392
103 5 393
103 7 395
104 5 122
104 10 126
104 1 130
104 1 146
104 6 161
104 3 162
104 1 163
104 1 175
104 2 179
104 6 184
104 2 191
104 6 193
104 3 202
104 8 255
104 6 347
104 1 363
104 10 375
104 4 389
104 6 404
104 4 415
104 8 449
104 7 492
105 10 140
105 7 143
105 6 180
105 2 199
105 1 205
105 3 218
105 8 232
105 6 261
105 1 263
105 7 276
105 1 342
105 1 361
105 9 366
105 2 391
105 2 392
105 2 417
105 10 443
105 10 449
106 3 151
106 10 156
106 4 164
106 10 177
106 4 190
106 5 199
106 3 219
106 10 247
106 8 253
106 10 260
106 4 284
106 7 321
106 8 337
106 10 362
106 6 397
106 4 423
106 1 455
106 10 469
106 4 478
106 3 480
106 7 485
106 7 490
107 9 135
107 8 172
107 7 173
107 7 185
107 7 204
107 10 211
107 4 221
107 6 236
107 10 239
107 4 258
107 2 265
107 6 282
107 8 285
107 2 288
107 10 326
107 3 346
107 1 376
107 2 392
107 5 423
107 7 445
107 9 451
107 5 459
107 6 466
107 6 472
107 3 476
107 9 478
107 9 483
108 10 140
108 2 150
108 2 162
108 7 163
108 7 166
108 2 215
108 3 249
108 2 270
108 5 345
108 4 392
108 2 393
108 10 399
108 6 417
108 4 497
109 9 124
109 4 131
109 4 138
109 9 167
109 8 186
109 5 204
109 10 252
109 2 273
109 6 285
109 10 322
109 2 363
109 10 379
109 2 396
109 6 476
109 7 492
109 3 495
110 9 113
110 5 126
110 7 145
110 5 155
110 8 202
110 1 205
110 1 256
110 2 277
110 2 327
110 3 348
110 4 388
110 10 408
110 8 415
110 10 416
110 6 429
110 8 431
110 9 494
110 2 495
110 4 498
111 9 122
111 4 158
111 7 238
111 9 241
111 4 339
111 6 374
111 8 378
111 6 498
112 1 114
112 6 140
112 6 144
112 5 146
112 6 153
112 6 163
112 8 207
112 4 221
112 4 222
112 3 229
112 2 251
112 8 274
112 5 280
112 7 283
112 9 288
112 8 299
112 7 300
112 9 320
112 4 328
112 2 340
112 10 385
112 6 440
112 7 443
112 6 445
112 5 452
113 7 136
113 9 161
113 5 172
113 2 190
113 2 191
113 5 195
113 2 232
113 1 253
113 4 268
113 5 301
113 3 308
113 8 338
113 7 363
113 2 424
113 8 435
113 5 468
113 8 497
114 4 126
114 7 143
114 1 160
114 6 168
114 5 187
114 2 200
114 4 224
114 9 227
114 9 237
114 5 284
114 9 331
114 10 338
114 3 369
114 6 382
114 7 393
114 10 395
114 9 429
114 9 442
114 10 455
114 6 498
115 3 141
115 4 236
115 5 238
115 3 305
115 7 314
115 8 315
115 9 321
115 6 334
115 6 360
115 9 372
115 1 376
115 6 385
115 5 431
115 8 456
115 6 464
116 6 167
116 6 181
116 3 200
116 5 229
116 10 240
116 8 242
116 9 253
116 6 265
116 6 274
116 4 299
116 1 314
116 4 354
116 8 383
116 2 435
116 3 439
116 3 449
116 1 462
116 7 463
117 8 133
117 9 156
117 5 157
117 7 164
117 7 203
117 3 204
117 8 219
117 10 227
117 10 264
117 2 281
117 6 294
117 8 304
117 1 306
117 9 314
117 4 335
117 9 340
117 9 394
117 8 397
117 9 404
118 8 143
118 4 178
118 9 183
118 2 185
118 5 190
118 2 207
118 6 223
118 9 224
118 5 272
118 4 304
118 4 310
118 7 330
118 6 347
118 5 365
118 8 389
118 6 423
118 6 438
118 10 453
119 8 135
119 4 152
119 8 154
119 6 165
119 7 169
119 10 196
119 8 197
119 9 203
119 7 236
119 10 240
119 2 250
119 9 258
119 3 259
119 4 276
119 7 298
119 6 319
119 1 321
119 2 374
119 3 378
119 6 389
119 10 398
119 10 425
119 4 439
119 3 441
119 10 462
119 9 470
120 10 149
120 9 190
120 3 266
120 5 281
120 9 289
120 1 296
120 7 321
120 6 358
120 10 421
120 2 426
120 8 440
120 7 443
120 5 447
120 2 452
120 7 467
120 3 478
121 1 131
121 2 168
121 10 194
121 8 205
121 1 211
121 2 284
121 6 285
121 3 300
121 8 308
121 6 384
121 10 437
121 9 474
121 1 482
121 8 497
122 8 123
122 7 136
122 7 184
122 1 238
122 1 249
122 5 272
122 9 298
122 9 327
122 6 351
122 5 363
122 9 372
122 9 388
122 7 391
122 6 401
122 10 435
122 6 446
122 5 447
122 3 478
122 2 488
123 3 141
123 10 150
123 4 190
123 9 204
123 7 241
123 6 261
123 9 263
123 10 277
123 4 285
123 5 298
123 2 304
123 7 318
123 10 320
123 3 347
123 8 354
123 5 408
123 7 431
123 3 439
123 6 444
123 5 447
124 10 159
124 7 187
124 8 189
124 4 196
124 9 203
124 9 219
124 10 235
124 1 265
124 10 301
124 6 357
124 6 395
124 9 406
124 8 417
124 6 422
124 10 429
124 7 432
124 3 437
124 7 439
124 8 453
124 8 458
124 5 478
125 9 131
125 7 139
125 1 165
125 2 169
125 3 202
125 6 224
125 7 246
125 3 271
125 5 311
125 3 350
125 1 375
125 4 385
125 1 447
125 5 482
125 1 497
126 9 137
126 4 196
126 8 205
126 7 228
126 4 234
126 4 259
126 2 269
126 1 311
126 1 318
126 2 334
126 6 364
126 6 381
126 7 392
126 7 402
126 2 427
126 8 432
127 1 172
127 1 178
127 1 201
127 9 205
127 4 211
127 1 215
127 10 216
127 1 228
127 6 231
127 3 312
127 9 362
127 10 372
127 8 375
127 4 404
127 1 411
127 2 440
127 6 442
127 2 474
127 6 492
128 9 135
128 9 139
128 10 147
128 6 162
128 9 166
128 10 188
128 4 194
128 4 235
128 1 237
128 9 242
128 5 257
128 7 260
128 8 266
128 3 285
128 7 288
128 5 289
128 9 308
128 2 369
128 6 397
128 9 405
128 5 407
128 2 458
128 10 474
128 5 499
129 4 156
129 10 207
129 10 252
129 10 254
129 9 256
129 4 286
129 3 328
129 7 330
129 6 349
129 10 407
129 8 429
130 7 138
130 10 142
130 5 155
130 4 158
130 6 177
130 3 186
130 4 191
130 3 197
130 7 231
130 10 247
130 2 312
130 7 332
130 2 354
130 3 388
130 8 429
131 8 147
131 10 161
131 9 187
131 7 191
131 6 202
131 5 213
131 4 221
131 8 224
131 5 234
131 9 253
131 8 313
131 3 368
131 10 394
131 1 414
131 2 436
131 2 473
132 10 147
132 7 155
132 1 198
132 5 221
132 8 249
132 10 273
132 8 307
132 8 316
132 8 439
132 9 484
132 10 490
133 8 134
133 3 137
133 10 185
133 1 188
133 3 222
133 9 225
133 2 238
133 7 268
133 2 271
133 10 281
133 6 339
133 6 350
133 10 480
134 7 153
134 4 177
134 7 181
134 4 209
134 5 223
134 9 226
134 4 277
134 7 289
134 2 295
134 1 303
134 4 305
134 9 312
134 6 318
134 4 319
134 3 339
134 1 343
134 7 351
134 7 379
134 8 396
134 7 418
134 10 444
134 6 474
135 9 149
135 8 156
135 8 160
135 9 168
135 1 181
135 5 186
135 7 207
135 7 229
135 1 255
135 3 276
135 2 284
135 10 301
135 9 329
135 7 342
135 5 385
135 9 413
135 8 449
136 8 145
136 7 153
136 1 181
136 5 194
136 4 222
136 8 226
136 7 238
136 1 245
136 2 252
136 3 266
136 3 277
136 1 285
136 6 288
136 6 322
136 2 355
136 9 359
136 3 389
136 1 456
136 1 469
136 1 490
137 10 176
137 10 222
137 4 230
137 2 235
137 5 275
137 4 276
137 6 361
137 10 373
137 6 385
137 5 386
137 3 424
137 4 442
137 7 443
137 8 494
137 4 499
138 3 162
138 5 167
138 3 189
138 1 222
138 6 225
138 10 231
138 1 255
138 2 270
138 2 287
138 9 293
138 4 305
138 9 308
138 8 323
138 5 324
138 3 330
138 7 359
138 9 374
138 6 402
138 8 411
138 3 424
138 5 433
138 5 437
138 1 440
138 1 446
138 10 458
138 7 478
139 4 157
139 4 161
139 10 195
139 5 200
139 5 211
139 5 220
139 10 222
139 7 247
139 5 252
139 4 259
139 5 265
139 4 319
139 6 375
139 5 378
139 8 381
139 10 385
139 10 391
139 4 394
139 10 414
139 4 437
139 7 454
140 1 177
140 3 181
140 4 182
140 5 190
140 4 198
140 3 227
140 2 245
140 3 254
140 7 256
140 3 268
140 1 281
140 3 304
140 9 340
140 10 365
140 3 398
140 6 414
140 9 422
140 8 435
140 8 467
140 7 472
141 5 160
141 6 184
141 3 192
141 10 199
141 10 202
141 8 219
141 2 234
141 2 271
141 3 280
141 4 286
141 7 312
141 1 355
141 4 380
141 9 412
141 4 418
141 3 457
142 7 161
142 2 164
142 4 168
142 7 179
142 7 186
142 9 208
142 7 210
142 9 224
142 3 267
142 10 296
142 6 307
142 1 352
142 7 381
142 6 422
142 5 445
142 2 460
142 3 476
142 8 488
142 9 490
143 3 178
143 4 193
143 5 216
143 2 222
143 5 246
143 7 336
143 4 347
143 2 349
143 7 376
143 4 402
143 10 405
143 2 428
143 9 438
144 5 149
144 5 187
144 9 238
144 7 254
144 6 282
144 7 283
144 1 286
144 4 299
144 1 329
144 6 331
144 2 337
144 10 353
144 2 410
144 7 492
145 4 181
145 6 204
145 5 247
145 4 255
145 1 267
145 5 273
145 6 343
145 6 367
145 6 458
145 1 471
145 7 472
145 8 473
146 1 166
146 10 176
146 3 180
146 9 189
146 2 217
146 10 233
146 1 243
146 5 255
146 8 309
146 7 320
146 1 428
146 1 439
146 1 444
146 4 454
146 1 478
146 6 485
146 4 492
147 2 149
147 7 152
147 3 179
147 9 181
147 6 205
147 4 207
147 5 216
147 7 239
147 9 249
147 3 259
147 3 270
147 5 284
147 1 290
147 1 313
147 4 325
147 6 357
147 8 370
147 8 372
147 8 435
147 2 450
147 3 451
147 7 455
147 3 456
148 3 169
148 8 225
148 10 323
148 5 346
148 4 352
148 5 390
148 5 414
148 6 418
148 2 445
148 8 471
149 4 151
149 1 192
149 5 200
149 1 271
149 10 308
149 6 314
149 7 340
149 8 401
149 3 423
149 1 436
149 4 473
150 1 221
150 2 246
150 2 276
150 5 280
150 2 321
150 6 331
150 3 343
150 4 350
150 3 360
150 6 440
150 2 443
150 4 477
151 6 159
151 8 175
151 2 179
151 6 233
151 10 254
151 6 290
151 1 312
151 3 316
151 3 329
151 9 347
151 7 360
151 9 375
151 6 389
151 4 419
151 10 424
151 4 473
151 1 484
151 9 494
152 6 154
152 10 227
152 2 266
152 9 271
152 9 283
152 4 305
152 2 307
152 7 370
152 8 372
152 5 373
152 6 391
152 8 402
152 6 418
152 6 496
153 6 167
153 9 168
153 10 174
153 10 185
153 6 258
153 1 259
153 3 260
153 9 288
153 4 308
153 9 366
153 1 407
153 4 443
153 7 494
154 7 189
154 8 206
154 4 217
154 1 236
154 8 270
154 5 277
154 8 297
154 6 380
154 10 386
154 4 389
154 2 415
154 10 477
154 6 491
155 5 164
155 1 201
155 3 222
155 5 232
155 2 249
155 10 253
155 3 320
155 8 326
155 9 349
155 4 355
155 1 396
155 2 417
155 3 448
155 9 454
155 10 460
156 3 167
156 3 239
156 9 310
156 10 334
156 9 371
156 9 397
156 5 426
156 5 437
156 1 468
156 6 478
156 8 480
157 1 171
157 1 173
157 4 176
157 4 181
157 10 188
157 6 216
157 7 232
157 9 234
157 3 235
157 4 277
157 10 307
157 6 325
157 1 337
157 2 386
157 10 399
157 5 404
157 10 414
157 3 449
157 6 481
158 5 174
158 5 189
158 4 225
158 5 242
158 9 249
158 6 271
158 9 366
158 10 457
158 1 484
159 7 160
159 3 200
159 9 215
159 9 218
159 9 240
159 3 243
159 3 278
159 7 323
159 8 328
159 3 358
159 10 383
159 8 412
159 6 421
159 6 427
159 10 441
159 5 459
159 4 465
159 7 468
159 4 480
160 10 163
160 2 235
160 5 271
160 8 283
160 9 287
160 1 301
160 9 327
160 2 357
160 2 365
160 1 389
160 10 417
160 1 421
160 1 453
160 7 468
160 5 475
160 3 484
160 3 489
160 3 499
161 5 169
161 6 198
161 5 233
161 4 235
161 2 254
161 1 255
161 2 257
161 4 277
161 1 301
161 1 346
161 2 347
161 4 359
161 6 364
161 1 388
161 2 419
161 7 451
162 7 169
162 2 174
162 6 185
162 9 210
162 5 220
162 2 226
162 10 242
162 8 251
162 7 263
162 5 293
162 6 371
162 5 396
162 1 442
162 4 456
162 1 470
162 10 473
162 10 482
163 1 191
163 3 241
163 6 257
163 7 258
163 7 267
163 3 275
163 6 368
163 9 380
163 10 452
163 7 496
164 4 168
164 7 211
164 2 214
164 5 225
164 7 228
164 9 232
164 6 305
164 1 309
164 2 320
164 8 326
164 8 333
164 6 339
164 2 346
164 7 347
164 3 373
164 7 385
164 5 401
164 6 409
164 7 415
164 1 421
164 1 447
164 4 457
164 4 464
164 3 489
165 7 209
165 7 216
165 10 221
165 1 302
165 10 321
165 8 342
165 8 348
165 2 351
165 6 357
165 10 364
165 3 367
165 7 394
165 1 397
165 7 440
165 1 466
165 3 486
165 8 489
165 3 494
166 5 213
166 4 222
166 3 240
166 8 260
166 5 263
166 6 316
166 9 325
166 10 335
166 6 376
166 6 386
166 6 421
166 2 426
166 3 445
166 5 480
166 4 487
167 8 186
167 2 192
167 3 252
167 3 256
167 2 329
167 4 376
167 8 401
167 6 440
167 2 452
167 1 454
167 2 456
167 2 467
168 9 170
168 3 175
168 6 190
168 9 193
168 5 215
168 10 249
168 7 316
168 8 327
168 3 377
168 2 379
168 2 383
168 3 388
168 9 416
168 8 441
168 2 458
168 5 480
168 1 491
168 2 497
169 3 180
169 4 223
169 1 228
169 4 239
169 10 267
169 1 291
169 3 370
169 10 371
169 9 388
169 8 433
169 1 442
169 9 443
169 8 457
169 8 481
169 4 496
170 8 180
170 2 182
170 4 254
170 6 319
170 7 367
170 5 383
170 9 480
170 3 493
170 2 496
171 9 180
171 2 261
171 2 263
171 4 294
171 10 312
171 1 323
171 10 332
171 4 347
171 8 358
171 5 363
171 9 374
171 10 386
171 9 413
171 2 427
171 3 477
172 2 236
172 2 243
172 6 262
172 8 273
172 6 274
172 5 276
172 10 283
172 3 315
172 1 329
172 4 332
172 6 347
172 6 350
172 8 385
172 8 395
172 10 425
172 5 427
172 3 433
172 1 452
172 1 489
172 3 491
173 9 205
173 10 250
173 4 263
173 5 280
173 9 285
173 5 292
173 3 293
173 6 327
173 8 341
173 2 347
173 10 356
173 5 364
173 7 429
173 3 459
173 8 482
174 10 175
174 6 180
174 9 207
174 10 210
174 4 239
174 1 249
174 10 277
174 3 302
174 7 306
174 8 334
174 4 335
174 7 343
174 7 344
174 1 356
174 10 357
174 8 367
174 1 373
174 7 421
174 4 438
174 2 450
174 6 461
174 6 478
175 9 204
175 3 210
175 10 213
175 1 222
175 3 231
175 5 270
175 1 301
175 10 325
175 8 329
175 1 376
175 6 404
175 6 407
175 9 428
175 3 449
175 10 481
176 10 177
176 10 188
176 6 235
176 9 262
176 1 272
176 1 273
176 3 279
176 10 295
176 3 301
176 1 319
176 3 368
176 4 379
176 10 381
176 3 413
176 7 414
176 4 422
176 4 423
176 10 434
176 2 446
176 2 482
177 3 178
177 9 190
177 1 234
177 6 235
177 6 246
177 7 263
177 2 264
177 4 275
177 5 286
177 6 300
177 5 302
177 2 309
177 1 335
177 6 351
177 5 374
177 10 384
177 1 389
177 6 406
177 6 411
177 9 414
177 2 428
177 1 430
177 4 439
177 3 444
177 5 497
178 6 192
178 6 237
178 1 271
178 8 283
178 6 310
178 7 359
178 9 380
178 5 405
178 7 409
178 8 429
178 7 480
179 10 182
179 6 195
179 8 213
179 10 223
179 9 273
179 4 377
179 6 401
179 8 418
179 2 432
179 8 462
179 8 476
179 8 477
179 3 493
180 2 181
180 10 184
180 10 191
180 1 229
180 9 235
180 6 243
180 7 271
180 2 280
180 8 319
180 3 327
180 2 355
180 10 360
180 5 367
180 2 384
180 4 435
181 8 193
181 10 242
181 3 271
181 9 289
181 10 292
181 4 313
181 8 325
181 5 329
181 4 345
181 4 362
181 10 390
181 9 396
181 4 415
181 3 419
181 6 429
181 3 456
181 7 466
181 8 482
181 9 487
181 2 494
182 10 186
182 10 212
182 10 285
182 2 340
182 2 360
182 3 361
182 3 433
182 1 462
182 5 482
182 5 491
183 9 191
183 2 201
183 1 212
183 8 216
183 2 245
183 8 252
183 2 262
183 5 264
183 10 279
183 9 300
183 9 332
183 7 339
183 7 340
183 3 366
183 10 386
183 3 387
183 7 402
183 6 440
183 1 470
183 8 474
184 1 224
184 4 233
184 6 248
184 5 254
184 9 284
184 1 289
184 8 293
184 5 301
184 10 316
184 2 354
184 8 357
184 4 361
184 2 363
184 6 370
184 6 387
184 4 400
184 2 457
184 10 499
185 5 216
185 3 247
185 10 257
185 1 276
185 1 281
185 5 290
185 3 292
185 5 308
185 6 355
185 4 358
185 8 380
185 2 440
186 10 213
186 5 269
186 8 355
186 2 381
186 5 386
186 6 392
186 6 417
186 10 440
186 10 458
186 7 470
187 1 212
187 2 236
187 6 239
187 10 268
187 8 320
187 9 347
187 7 408
187 7 412
187 8 438
187 6 439
187 5 444
187 8 449
187 1 452
187 8 476
187 8 496
187 10 497
188 5 227
188 9 245
188 10 281
188 4 291
188 4 314
188 7 361
188 6 376
188 5 380
188 1 402
188 5 437
188 10 474
188 7 488
188 10 499
189 2 204
189 8 205
189 3 224
189 6 234
189 2 235
189 3 246
189 6 254
189 5 269
189 4 289
189 3 303
189 2 307
189 9 317
189 5 344
189 9 372
189 10 378
189 1 395
189 8 422
189 4 440
189 3 441
189 10 444
189 8 459
189 5 469
189 3 472
190 2 199
190 7 234
190 3 237
190 6 238
190 10 290
190 8 292
190 10 293
190 7 332
190 10 336
190 5 364
190 1 411
190 7 430
190 9 434
190 7 445
190 2 447
190 6 449
190 8 468
191 5 216
191 8 254
191 4 263
191 7 343
191 10 351
191 3 364
191 6 411
191 1 489
192 7 212
192 3 229
192 3 246
192 7 254
192 8 304
192 1 319
192 4 343
192 10 345
192 8 379
192 10 389
192 3 413
192 10 466
192 8 479
193 7 220
193 8 289
193 4 295
193 5 311
193 4 328
193 1 350
193 9 360
193 4 367
193 3 373
193 9 392
193 6 412
193 5 413
193 8 435
193 4 466
193 9 490
193 1 493
194 3 195
194 2 204
194 4 209
194 3 218
194 9 248
194 10 262
194 1 308
194 2 338
194 4 396
194 7 397
194 9 403
194 4 432
194 7 456
194 3 461
194 9 464
195 5 212
195 4 246
195 9 276
195 6 290
195 1 314
195 9 336
195 2 341
195 5 354
195 8 362
195 4 373
195 2 416
195 1 427
195 2 438
195 7 442
195 1 481
195 10 485
195 4 489
196 5 216
196 10 273
196 9 289
196 8 290
196 10 311
196 1 315
196 2 331
196 6 353
196 1 424
196 9 438
196 7 441
196 9 451
196 2 461
196 2 466
196 5 484
197 7 211
197 5 227
197 8 259
197 1 266
197 6 278
197 8 294
197 9 298
197 8 300
197 2 325
197 4 350
197 2 363
197 6 393
197 4 417
197 3 419
197 8 464
197 7 485
197 10 497
198 10 222
198 8 286
198 4 305
198 1 316
198 10 333
198 2 334
198 1 353
198 2 354
198 10 380
198 4 442
198 5 468
198 1 472
199 6 208
199 8 214
199 6 238
199 5 262
199 8 276
199 2 306
199 2 317
199 6 372
199 1 408
199 4 421
199 1 434
199 8 440
199 7 474
199 10 477
199 9 494
200 5 206
200 10 223
200 2 232
200 5 238
200 6 240
200 3 245
200 10 246
200 1 258
200 3 312
200 6 340
200 10 378
200 5 385
200 1 421
200 3 435
200 6 447
201 4 203
201 6 216
201 7 241
201 1 251
201 8 257
201 2 277
201 9 330
201 3 351
201 1 383
201 10 403
201 1 448
201 1 454
201 9 456
201 5 480
201 3 487
201 6 490
201 7 491
202 10 204
202 9 205
202 8 216
202 3 254
202 7 274
202 9 301
202 7 310
202 4 326
202 4 378
202 7 387
202 9 428
202 3 444
202 8 495
203 5 231
203 6 239
203 8 260
203 10 262
203 8 264
203 7 322
203 10 329
203 8 337
203 8 341
203 1 348
203 8 358
203 3 362
203 7 376
203 1 403
203 2 498
204 3 218
204 6 226
204 5 240
204 3 282
204 9 294
204 10 297
204 10 307
204 4 309
204 1 315
204 4 348
204 10 359
204 8 383
204 8 411
204 9 442
204 4 454
204 9 476
204 10 494
205 10 237
205 5 269
205 6 307
205 6 332
205 5 341
205 9 386
205 3 398
205 7 404
205 6 421
205 8 463
205 6 488
206 9 212
206 9 233
206 3 253
206 1 257
206 2 260
206 4 267
206 5 269
206 7 277
206 6 284
206 8 298
206 4 301
206 5 305
206 9 332
206 10 379
206 7 423
206 5 425
206 2 431
206 2 444
207 1 256
207 3 283
207 10 297
207 4 330
207 4 381
207 3 408
207 8 424
207 3 438
207 9 447
207 8 453
207 4 468
207 9 472
207 10 483
208 6 220
208 9 223
208 5 280
208 1 302
208 6 333
208 5 347
208 6 368
208 4 376
208 1 390
208 9 423
208 1 445
208 8 477
208 5 495
209 9 219
209 2 255
209 7 259
209 2 261
209 5 348
209 5 351
209 8 355
209 4 360
209 2 363
209 4 373
209 10 377
209 5 415
209 8 436
209 10 444
209 5 457
209 7 488
209 4 498
210 6 220
210 5 224
210 2 236
210 3 261
210 3 277
210 8 287
210 1 290
210 7 310
210 5 316
210 7 334
210 3 335
210 10 342
210 2 360
210 10 373
210 6 377
210 3 413
210 4 415
210 3 419
210 3 485
210 9 491
211 7 236
211 6 244
211 1 264
211 1 271
211 10 287
211 9 322
211 1 336
211 8 356
211 3 379
211 5 411
211 5 436
211 7 457
211 8 459
211 1 468
211 6 477
211 9 492
212 8 257
212 1 293
212 7 326
212 7 327
212 4 341
212 3 396
212 8 443
212 3 444
212 2 460
212 4 465
213 8 232
213 4 246
213 10 277
213 8 292
213 1 298
213 6 310
213 9 335
213 7 349
213 4 381
213 3 396
213 2 468
214 1 215
214 10 219
214 3 242
214 6 344
214 3 353
214 4 395
214 10 405
214 8 412
214 9 414
214 3 451
214 4 460
214 1 468
214 2 492
214 4 494
215 9 218
215 1 301
215 5 310
215 5 321
215 8 323
215 10 341
215 9 412
215 6 428
215 9 444
215 3 445
215 1 487
215 7 491
215 6 493
216 1 253
216 5 299
216 10 306
216 9 319
216 9 321
216 2 325
216 7 336
216 4 350
216 1 352
216 4 361
216 1 376
216 5 405
216 8 444
216 10 446
216 1 452
216 2 487
216 2 492
217 5 231
217 7 234
217 6 252
217 2 268
217 9 305
217 3 398
217 3 447
217 9 458
217 1 467
217 1 482
217 8 484
218 3 225
218 6 235
218 1 240
218 10 260
218 5 297
218 1 307
218 2 312
218 6 335
218 8 337
218 9 363
218 3 391
218 1 393
218 3 403
218 9 432
218 10 483
218 5 484
218 10 496
219 4 235
219 3 240
219 6 243
219 9 252
219 1 300
219 7 304
219 7 368
219 4 428
219 10 441
219 8 446
219 6 493
220 5 224
220 7 226
220 8 229
220 4 237
220 10 255
220 1 256
220 9 286
220 8 288
220 5 319
220 10 324
220 10 330
220 9 342
220 10 354
220 6 425
220 3 457
221 10 307
221 8 326
221 1 383
221 2 450
222 4 242
222 1 283
222 4 287
222 7 356
222 7 375
222 10 385
222 3 404
222 6 409
222 6 425
222 9 434
222 3 446
223 1 227
223 1 238
223 5 260
223 3 283
223 2 287
223 8 301
223 1 323
223 5 324
223 5 329
223 5 340
223 9 341
223 5 348
223 3 382
223 9 458
223 8 471
223 3 473
223 5 495
224 4 226
224 6 229
224 4 232
224 1 247
224 2 252
224 1 254
224 9 269
224 9 293
224 7 294
224 4 312
224 7 325
224 3 336
224 3 349
224 8 377
224 1 381
224 7 394
224 2 400
224 1 418
224 10 422
224 4 436
224 6 449
224 7 465
225 5 255
225 6 285
225 3 286
225 5 290
225 1 315
225 1 335
225 8 342
225 3 356
225 6 362
225 1 390
225 4 444
226 8 253
226 10 265
226 8 287
226 2 349
226 7 354
226 3 358
226 7 367
226 8 373
226 4 375
226 3 378
226 6 381
226 8 388
226 4 395
226 1 428
226 1 438
226 5 465
226 5 469
226 1 474
226 8 480
227 1 267
227 8 279
227 1 286
227 1 298
227 1 309
227 3 339
227 9 347
227 1 367
227 10 400
227 6 402
227 1 419
227 1 427
227 1 471
227 7 474
227 6 483
228 2 264
228 8 275
228 8 280
228 9 282
228 8 306
228 8 324
228 2 331
228 8 381
228 10 411
228 2 412
228 1 424
228 9 454
228 9 457
229 5 251
229 6 257
229 1 260
229 4 346
229 4 393
229 6 411
229 10 418
229 5 422
229 2 440
229 3 447
229 9 450
229 2 466
229 10 498
230 2 257
230 10 294
230 2 344
230 4 428
230 5 439
230 2 455
230 5 459
230 4 472
231 4 255
231 1 263
231 7 352
231 5 387
231 2 451
231 5 480
231 5 482
232 1 235
232 3 291
232 9 310
232 5 311
232 5 371
232 6 385
232 6 410
232 5 461
232 1 469
232 7 480
232 1 484
233 6 247
233 5 299
233 3 311
233 3 368
233 9 377
233 3 380
233 6 386
233 7 389
233 1 393
233 2 406
233 4 410
233 8 414
233 3 459
233 2 487
234 4 247
234 8 259
234 4 260
234 10 317
234 10 352
234 6 368
234 1 408
234 2 426
234 4 443
234 10 464
234 3 487
235 3 237
235 9 264
235 4 285
235 9 293
235 2 295
235 4 304
235 7 314
235 9 359
235 8 362
235 7 395
235 5 432
235 3 449
236 3 257
236 8 273
236 4 326
236 5 332
236 9 342
236 1 371
236 6 405
236 8 409
236 5 427
236 7 444
236 8 446
236 3 478
236 10 491
237 2 249
237 6 255
237 3 283
237 10 303
237 7 306
237 9 311
237 10 316
237 8 348
237 1 385
237 3 386
237 1 483
238 3 247
238 8 261
238 9 279
238 5 309
238 1 323
238 3 341
238 5 342
238 2 347
238 6 438
238 2 441
238 2 464
238 10 471
238 6 472
238 9 480
238 6 493
239 2 342
239 9 345
239 3 368
239 8 375
239 5 432
239 8 446
239 1 457
239 2 485
239 10 490
239 7 498
240 7 245
240 9 295
240 3 327
240 10 358
240 2 391
240 1 425
240 7 432
240 1 456
240 9 467
241 7 242
241 5 266
241 3 275
241 3 285
241 1 288
241 8 315
241 3 391
241 4 399
241 4 430
241 1 437
241 4 446
241 2 470
241 3 492
242 10 252
242 3 283
242 2 306
242 5 310
242 7 323
242 7 330
242 6 384
242 8 387
242 2 413
242 7 423
243 4 246
243 1 273
243 7 315
243 6 376
243 2 387
243 10 394
243 6 406
243 7 424
243 10 427
243 6 428
243 3 440
243 1 445
243 5 447
243 1 454
243 10 471
243 8 491
244 4 251
244 1 289
244 2 292
244 10 312
244 5 354
244 10 357
244 3 377
244 4 399
244 5 448
244 5 449
245 4 366
245 7 370
245 4 374
245 10 381
245 9 384
245 4 387
245 10 391
245 1 404
245 6 409
245 8 451
245 9 484
246 1 286
246 6 291
246 1 317
246 7 326
246 2 327
246 6 349
246 2 357
246 5 391
246 1 394
246 7 412
246 5 449
246 1 481
246 10 484
247 4 262
247 6 268
247 7 292
247 6 353
247 4 360
247 6 361
247 2 365
247 7 372
247 8 456
247 9 475
247 7 481
247 1 495
248 7 268
248 4 269
248 8 297
248 3 339
248 2 392
248 9 431
248 9 436
249 2 260
249 10 275
249 7 306
249 1 308
249 4 309
249 9 315
249 4 316
249 9 337
249 6 400
249 9 444
249 4 462
249 5 489
249 3 492
250 5 263
250 1 267
250 2 282
250 9 294
250 9 305
250 5 349
250 4 367
250 3 426
250 3 427
250 5 442
250 7 451
250 7 455
251 9 299
251 9 308
251 10 347
251 2 349
251 2 362
251 5 373
251 2 393
251 1 441
251 4 451
251 9 459
251 8 492
252 9 329
252 3 333
252 10 353
252 5 379
252 4 387
252 6 432
252 9 463
252 2 471
252 5 496
252 4 498
253 6 266
253 4 282
253 9 308
253 8 323
253 4 333
253 8 349
253 5 357
253 1 365
253 4 370
253 3 398
253 10 434
253 10 449
253 10 457
254 10 265
254 2 280
254 2 322
254 5 326
254 4 387
254 5 397
254 10 398
254 10 417
254 2 448
254 5 452
254 1 459
254 2 478
255 3 283
255 3 294
255 8 295
255 9 309
255 3 360
255 9 363
255 10 378
255 6 400
255 5 410
255 10 433
255 3 471
255 5 494
255 5 498
256 6 258
256 1 301
256 6 302
256 8 335
256 2 361
256 2 385
256 5 420
256 7 435
256 9 447
256 2 463
256 5 471
256 6 475
256 2 480
256 2 486
257 7 291
257 7 296
257 8 299
257 2 314
257 3 323
257 3 330
257 2 345
257 7 385
257 5 405
257 5 417
257 4 480
257 6 486
258 7 304
258 3 319
258 6 382
258 8 435
258 3 464
258 2 482
258 10 486
259 3 281
259 9 328
259 6 331
259 10 338
259 6 358
259 8 413
259 1 428
259 9 434
259 9 454
259 2 458
259 2 484
259 4 489
260 1 286
260 3 290
260 1 306
260 10 316
260 7 320
260 7 336
260 6 349
260 10 365
260 6 370
260 4 401
260 5 431
260 5 491
260 4 499
261 3 265
261 2 281
261 5 296
261 10 342
261 1 372
261 2 419
261 2 421
261 6 461
261 4 490
261 3 496
262 1 267
262 9 275
262 3 287
262 2 365
262 9 377
262 5 407
262 10 424
262 2 472
263 4 297
263 3 336
263 1 348
263 9 360
263 1 410
263 10 430
263 2 477
263 2 494
264 7 279
264 5 286
264 7 291
264 2 308
264 6 317
264 8 318
264 2 352
264 1 362
264 5 369
264 3 383
264 4 385
264 8 392
264 8 402
264 1 407
264 4 421
264 2 426
264 2 461
265 8 301
265 8 320
265 6 328
265 5 354
265 3 388
265 4 427
265 10 470
265 1 486
266 6 290
266 9 308
266 10 334
266 3 338
266 9 356
266 10 358
266 2 389
266 2 421
266 5 428
266 8 464
266 3 475
266 8 490
267 5 330
267 8 350
267 4 354
267 9 359
268 1 278
268 8 291
268 4 347
268 6 393
268 9 395
268 3 411
268 10 430
268 4 459
268 9 493
269 9 276
269 6 277
269 9 290
269 4 324
269 10 338
269 7 359
269 7 366
269 3 393
269 7 419
269 9 462
270 8 301
270 1 305
270 5 321
270 10 358
270 7 386
270 5 403
270 8 408
270 7 431
270 7 432
270 5 475
270 2 490
270 10 492
271 5 280
271 9 292
271 10 299
271 5 353
271 7 370
271 1 398
271 7 415
271 4 458
271 4 466
271 3 486
271 9 489
272 10 301
272 7 325
272 5 352
272 2 370
272 10 385
272 4 439
272 6 499
273 1 276
273 1 279
273 2 285
273 9 305
273 6 329
273 8 333
273 6 391
273 1 411
273 4 459
273 4 494
274 6 275
274 1 309
274 7 312
274 9 319
274 6 322
274 6 358
274 5 374
274 8 447
274 7 449
274 10 478
274 8 496
275 5 299
275 1 322
275 9 374
275 1 390
275 3 416
275 10 426
275 9 441
275 10 445
275 2 450
275 2 453
276 5 285
276 9 308
276 3 324
276 4 327
276 9 329
276 1 339
276 4 347
276 8 355
276 9 356
276 4 371
276 7 379
276 2 385
276 7 405
276 2 410
276 1 442
276 5 486
277 4 317
277 7 328
277 3 354
277 6 375
277 4 403
277 1 415
277 7 425
277 7 466
277 3 472
278 7 328
278 5 352
278 4 361
278 3 396
278 7 404
278 3 448
278 9 452
279 5 302
279 9 365
279 4 371
279 1 386
279 10 409
279 8 423
279 2 438
279 10 472
279 5 474
279 5 475
279 7 484
280 8 308
280 2 322
280 9 330
280 5 353
280 7 366
280 8 371
280 3 374
280 10 431
280 3 442
281 5 317
281 6 318
281 1 330
281 9 339
281 1 367
281 6 384
281 3 407
281 4 420
281 8 426
281 3 441
281 8 456
281 2 471
282 5 336
282 3 377
282 1 403
282 9 416
282 2 466
282 2 467
282 8 483
283 6 309
283 6 316
283 9 373
283 7 377
283 4 402
283 8 412
283 10 487
283 3 498
284 2 294
284 7 320
284 9 325
284 4 326
284 8 342
284 8 356
284 9 382
284 6 415
284 6 435
284 1 455
284 7 456
284 8 489
284 2 499
285 8 291
285 6 375
285 2 395
285 7 416
285 4 429
285 3 452
285 3 477
285 10 481
285 4 483
286 7 289
286 10 354
286 5 378
286 5 394
286 3 398
286 5 407
286 10 413
286 1 432
286 6 441
287 2 297
287 3 305
287 2 311
287 2 313
287 5 369
287 1 379
287 10 382
287 4 395
287 4 398
287 4 431
287 3 470
287 1 483
288 3 293
288 10 297
288 1 299
288 2 340
288 7 351
288 7 481
288 1 485
289 2 298
289 10 303
289 3 311
289 10 344
289 9 367
289 1 380
289 10 404
289 3 405
289 9 423
289 9 473
290 3 305
290 6 351
290 4 364
290 8 368
290 8 371
290 10 393
290 7 406
290 9 408
290 8 413
290 3 418
290 1 446
290 3 447
290 4 450
290 7 454
290 10 459
290 5 478
290 4 484
291 8 292
291 5 311
291 1 330
291 2 353
291 4 356
291 10 375
291 7 389
291 10 390
291 7 417
291 6 434
291 8 461
291 6 496
292 4 295
292 5 297
292 9 301
292 3 316
292 10 329
292 8 345
292 6 348
292 2 350
292 1 388
292 9 393
293 7 304
293 3 318
293 10 336
293 5 385
293 10 388
293 6 415
293 3 418
293 5 441
293 1 449
293 3 461
293 6 482
293 4 494
294 1 360
294 9 370
294 10 402
294 1 411
294 5 499
295 9 314
295 4 342
295 8 349
295 4 377
295 3 494
296 6 309
296 2 349
296 10 389
296 4 397
296 9 404
296 6 415
296 8 419
296 1 424
296 9 429
296 10 457
296 5 476
296 3 487
296 9 496
297 1 320
297 8 328
297 6 343
297 3 346
297 8 352
297 5 375
297 9 401
297 4 404
297 8 423
297 6 426
297 7 433
297 5 469
297 7 483
297 2 487
297 8 489
298 7 313
298 9 322
298 1 337
298 6 360
298 5 368
298 2 380
298 6 394
298 1 449
299 7 343
299 9 474
299 9 486
299 6 492
299 4 493
300 6 316
300 8 322
300 5 350
300 4 419
300 7 468
300 10 471
300 1 472
300 8 484
300 4 494
301 5 307
301 8 313
301 4 428
301 6 442
301 8 457
301 5 473
301 9 476
302 1 314
302 3 379
302 3 409
302 3 429
302 6 472
302 3 476
303 9 311
303 4 333
303 10 334
303 2 387
303 8 392
303 2 444
303 6 459
303 2 465
303 1 487
303 4 490
304 6 309
304 6 337
304 7 343
304 9 355
304 9 384
304 3 398
304 6 403
304 5 409
304 1 489
304 8 496
304 2 497
305 3 317
305 8 325
305 5 372
305 1 378
305 3 382
305 1 399
305 1 417
305 5 425
305 3 462
305 10 472
305 1 485
306 8 320
306 10 366
306 10 388
306 3 418
306 9 436
306 8 460
306 4 465
306 2 484
306 5 485
306 4 494
307 5 310
307 4 320
307 10 327
307 5 328
307 1 381
307 4 426
307 9 433
308 6 322
308 8 361
308 10 385
308 1 404
308 1 405
308 10 429
308 7 432
308 1 443
308 6 494
309 3 387
309 5 431
309 1 472
309 8 475
310 6 311
310 8 337
310 1 342
310 9 345
310 5 431
310 9 455
310 9 464
310 1 469
310 10 485
310 7 486
311 10 338
311 3 344
311 10 348
311 9 465
311 6 493
312 9 317
312 2 328
312 3 357
312 9 358
312 3 369
312 1 378
312 5 386
312 3 405
312 6 412
312 8 431
312 6 458
312 6 473
312 10 478
312 8 479
313 4 350
313 3 353
313 2 359
313 9 375
313 4 397
313 5 401
313 6 408
313 5 497
314 7 326
314 9 340
314 5 426
314 10 451
314 1 452
314 3 461
314 4 475
314 7 476
315 6 319
315 8 334
315 4 335
315 4 348
315 4 370
315 9 379
315 1 391
315 5 392
315 8 443
315 7 469
316 5 341
316 9 371
316 6 432
316 8 461
316 5 464
316 8 484
316 3 487
317 1 329
317 4 422
317 9 423
317 2 452
317 4 455
317 1 469
317 7 485
317 3 492
317 4 497
318 3 369
318 4 371
318 1 393
318 3 419
318 1 449
318 6 461
318 8 467
318 9 485
318 4 497
319 8 374
319 2 391
319 8 451
319 2 459
319 1 460
319 1 475
320 5 340
320 6 392
320 1 394
320 6 396
320 4 446
320 2 451
320 5 457
320 5 461
320 3 485
321 8 335
321 10 348
321 6 372
321 3 392
321 3 398
321 1 469
322 8 334
322 1 372
322 1 394
322 4 407
322 2 416
322 7 427
322 6 467
323 8 336
323 8 345
323 4 353
323 7 433
323 4 451
323 1 459
323 9 460
323 1 469
323 9 475
323 10 485
323 1 494
324 3 355
324 1 360
324 10 380
324 2 401
324 5 427
324 4 496
325 4 347
325 8 366
325 8 388
325 4 392
325 8 444
325 5 445
325 6 450
325 5 460
325 6 468
325 1 469
326 6 376
326 10 409
326 7 416
326 7 447
326 4 454
326 5 490
326 7 496
326 2 498
327 6 336
327 7 345
327 3 369
327 8 374
327 6 397
327 1 398
327 5 402
327 8 430
327 8 449
327 1 470
327 6 476
327 6 498
328 9 343
328 4 390
328 2 425
328 10 451
328 2 462
328 8 469
328 6 475
328 10 476
328 1 485
328 2 490
329 4 349
329 8 351
329 2 365
329 4 375
329 7 403
329 4 408
329 6 412
329 9 450
329 4 468
330 5 331
330 6 346
330 4 398
330 10 431
330 9 494
331 5 390
331 9 447
331 10 450
331 4 461
331 8 463
331 7 468
331 3 489
331 3 490
332 2 348
332 1 363
332 9 372
332 10 376
332 7 411
332 2 414
332 8 420
332 7 429
332 1 460
332 7 465
332 5 489
333 10 334
333 9 348
333 7 351
333 4 352
333 2 353
333 4 379
333 9 395
334 4 375
334 4 406
334 6 413
334 5 439
334 6 443
334 1 449
334 9 468
335 8 337
335 10 373
335 9 382
335 4 384
335 6 385
335 2 392
335 8 399
335 10 403
335 9 452
335 9 468
336 8 347
336 8 349
336 10 376
336 3 380
336 10 399
336 6 429
336 9 432
336 6 463
336 7 487
337 7 342
337 4 360
337 7 389
337 1 398
337 2 434
337 4 451
337 9 470
337 2 489
338 9 350
338 5 358
338 4 420
338 7 476
338 8 477
339 6 346
339 5 351
339 2 370
339 1 372
339 9 404
339 6 407
339 10 417
339 8 444
339 10 472
339 5 483
340 5 344
340 9 353
340 3 360
340 10 367
340 5 369
340 9 404
340 5 449
340 9 480
340 2 495
341 4 375
341 9 394
341 3 438
342 9 368
342 4 400
342 9 401
342 5 432
342 10 468
343 8 383
343 5 386
343 9 397
343 3 415
343 9 439
343 8 477
343 6 494
343 2 495
344 4 381
344 7 384
344 1 456
345 9 364
345 1 368
345 7 369
345 1 372
345 5 423
345 10 443
345 6 451
345 2 461
346 5 393
346 8 401
346 7 402
346 5 413
346 2 451
346 6 482
347 5 376
347 7 409
347 6 446
347 1 450
347 5 454
347 2 460
347 8 466
347 9 470
348 6 351
348 9 379
348 3 398
348 10 405
348 3 412
349 8 381
349 7 430
349 1 435
349 3 488
349 4 496
350 10 375
350 9 449
350 7 466
350 6 484
351 1 380
351 1 431
351 6 451
351 9 458
351 3 480
351 2 497
352 4 368
352 2 370
352 2 409
352 3 416
352 7 427
352 10 434
352 5 435
352 7 448
352 4 455
352 6 470
352 7 478
352 9 480
353 10 384
353 6 394
353 2 412
353 3 418
353 2 423
353 9 426
353 6 435
353 9 437
353 8 465
353 3 475
353 7 478
353 1 484
353 7 497
354 5 366
354 5 382
354 3 384
354 10 389
354 7 394
354 9 404
354 10 423
354 4 428
354 6 435
354 6 451
354 2 455
354 2 457
355 1 359
355 10 416
355 6 484
356 9 408
356 4 444
356 5 456
356 8 458
356 10 495
357 2 364
357 10 384
357 10 386
357 8 447
357 9 456
357 7 482
358 10 366
358 4 424
358 3 435
358 8 452
358 9 488
359 7 365
359 1 382
359 4 434
359 9 444
359 9 457
359 6 489
360 2 400
360 10 405
360 8 422
360 8 446
360 1 465
360 10 479
360 3 482
361 7 362
361 4 403
361 7 419
361 8 422
361 1 426
361 2 437
362 10 369
362 3 375
362 1 376
362 6 415
362 8 421
362 8 427
362 3 470
363 2 380
363 3 400
363 6 467
363 6 471
363 2 495
363 4 497
364 4 384
364 5 388
364 10 419
364 9 461
365 6 367
365 4 375
365 10 382
365 10 397
365 9 398
365 7 409
365 3 411
365 4 426
365 9 437
365 2 442
365 1 481
365 4 486
365 6 496
366 4 402
366 6 409
366 3 413
366 5 416
366 3 424
366 8 446
366 7 460
366 8 489
367 7 379
367 5 396
367 9 413
367 7 416
367 5 434
367 4 450
367 10 460
367 3 465
367 2 467
367 3 487
367 8 497
368 2 376
368 2 410
368 10 416
368 2 477
368 10 493
369 5 372
369 2 416
369 10 423
370 3 382
370 8 386
370 1 413
370 3 448
370 4 458
370 9 499
371 4 398
371 4 411
371 8 454
371 2 462
371 10 465
371 3 466
371 10 473
372 6 396
372 9 448
372 3 480
372 4 496
373 2 381
373 2 410
373 8 419
373 10 435
373 3 456
373 10 492
373 6 497
374 5 404
374 5 427
374 9 446
374 4 492
375 7 376
375 2 401
375 5 406
375 1 413
375 5 414
375 6 463
375 2 480
376 3 386
376 6 398
376 8 429
376 1 450
376 2 452
376 2 456
376 9 467
376 6 477
377 9 385
377 4 394
377 9 418
377 1 427
377 8 432
377 7 480
378 3 401
378 1 426
378 5 428
378 8 434
378 5 435
378 6 471
378 1 485
378 7 487
379 5 476
379 6 477
380 9 403
380 6 406
380 6 408
380 6 421
381 9 408
381 8 492
382 2 389
382 6 394
382 4 421
382 9 440
382 3 447
382 2 450
382 7 462
382 2 465
382 9 479
382 10 489
382 1 497
383 8 386
383 8 391
383 6 451
383 3 456
384 9 385
384 4 448
384 4 459
384 4 464
384 2 476
384 5 479
384 9 484
384 7 489
384 6 490
384 10 491
385 6 399
385 3 428
385 8 473
385 6 490
386 6 400
386 2 426
386 1 459
386 10 492
387 5 408
387 9 427
387 1 430
387 10 454
388 1 405
388 8 410
388 2 411
388 2 440
388 6 476
388 7 478
388 9 496
389 2 415
389 10 447
389 3 472
390 2 401
390 8 429
390 5 435
390 5 447
390 7 450
390 10 497
391 1 406
391 2 421
391 7 427
391 4 455
391 4 470
392 2 407
392 9 422
393 7 404
393 2 417
393 6 418
393 2 456
393 10 466
393 9 485
393 1 492
393 8 499
394 3 424
394 6 425
394 4 426
394 8 490
394 2 494
395 8 460
395 10 475
396 7 404
396 10 407
396 1 414
396 8 418
396 9 426
396 5 429
396 6 453
397 7 435
397 1 450
397 2 467
397 3 474
397 7 476
397 3 483
398 9 402
398 6 417
398 10 422
398 8 430
398 1 433
398 10 434
398 7 449
398 1 486
399 5 422
399 3 427
399 10 452
399 4 479
399 2 481
401 5 420
401 7 428
401 1 466
401 9 473
401 5 474
402 5 441
402 10 450
402 3 466
402 9 493
403 2 418
403 8 427
403 1 428
403 7 479
403 2 494
404 4 427
404 2 439
404 4 443
404 7 460
405 10 410
405 6 449
406 10 444
406 9 471
406 8 499
407 10 433
407 7 483
408 1 427
408 7 429
408 7 446
408 4 497
409 3 418
409 9 423
409 10 427
409 8 428
409 1 478
409 8 482
409 9 483
410 5 436
410 1 442
410 3 448
410 8 449
411 7 429
411 3 469
411 8 470
411 6 477
412 7 441
412 10 451
412 1 479
412 8 499
413 9 425
413 9 434
413 3 447
414 9 424
414 8 426
414 7 431
414 3 465
414 7 487
415 9 441
415 3 461
415 9 465
416 4 468
416 3 494
417 1 421
417 9 446
417 10 460
417 6 478
418 6 443
418 4 458
418 3 481
418 9 485
419 5 421
419 5 431
419 7 486
420 3 421
421 5 460
422 4 427
422 5 430
422 10 474
422 9 480
422 6 484
422 6 489
422 6 490
422 2 495
423 8 440
423 9 467
423 3 483
423 7 488
424 1 472
424 10 492
424 1 496
425 3 441
425 1 445
425 5 483
425 7 489
425 8 496
426 5 466
426 10 475
426 3 490
427 1 431
427 8 440
427 2 444
427 9 489
427 10 494
429 9 456
429 8 464
429 6 485
429 3 495
430 5 433
430 10 436
430 5 451
430 4 490
431 5 479
431 6 487
432 3 433
432 2 440
432 3 472
432 8 477
433 1 458
433 8 484
433 9 487
433 2 490
433 2 499
434 8 447
434 9 486
435 5 462
436 5 460
436 9 465
436 9 469
437 1 449
437 5 456
438 10 465
438 6 473
438 2 497
439 4 440
439 4 462
439 4 467
439 10 470
439 10 471
439 4 488
439 10 491
440 7 451
440 2 455
440 1 470
440 4 495
440 8 498
440 6 499
441 3 452
441 1 476
442 10 445
442 7 485
442 9 489
443 4 484
444 7 462
444 3 472
444 5 484
445 7 448
445 2 449
445 3 469
445 1 490
446 7 454
446 10 460
446 6 464
446 8 468
446 4 483
447 6 448
447 10 465
448 5 451
448 2 465
449 4 460
449 1 462
449 3 465
449 7 491
450 3 487
450 6 491
451 1 463
451 4 489
451 7 491
453 7 454
453 6 490
453 5 493
454 5 462
454 5 491
455 4 480
455 3 498
456 6 479
456 7 485
457 3 478
457 3 490
457 5 497
458 4 467
458 7 498
459 8 465
459 2 488
460 2 476
460 4 485
461 10 463
461 9 481
461 4 488
461 9 491
461 1 492
462 5 484
464 8 473
466 1 468
467 9 477
467 10 480
467 7 490
471 8 480
471 6 489
471 2 499
472 2 476
472 4 487
472 10 492
473 4 481
473 4 491
473 9 499
474 1 486
475 7 481
476 7 477
476 7 491
476 4 495
477 6 478
477 9 497
477 6 499
479 10 489
479 6 498
481 1 485
481 4 498
482 10 483
482 3 497
483 4 498
484 5 490
484 5 495
485 10 491
486 4 487
486 9 498
490 7 494
