500
0 8 25
0 7 29
0 10 36
0 9 39
0 9 44
0 2 48
0 10 56
0 8 62
0 1 67
0 5 69
0 9 76
0 1 85
0 5 99
0 1 103
0 6 116
0 2 126
0 1 133
0 4 138
0 7 140
0 3 155
0 10 161
0 6 164
0 9 171
0 4 182
0 3 199
0 3 202
0 1 228
0 7 237
0 7 238
0 10 252
0 2 256
0 10 261
0 8 265
0 9 270
0 2 272
0 9 287
0 9 291
0 6 311
0 8 313
0 8 318
0 1 320
0 6 323
0 8 325
0 3 331
0 5 335
0 8 360
0 2 377
0 7 408
0 1 426
0 6 434
0 3 442
0 9 481
0 9 495
1 4 4
1 3 44
1 10 50
1 10 56
1 9 59
1 8 74
1 9 81
1 2 106
1 1 137
1 7 148
1 4 154
1 2 160
1 2 162
1 4 165
1 7 168
1 6 173
1 4 182
1 7 195
1 3 201
1 8 224
1 1 256
1 4 258
1 10 262
1 6 267
1 2 269
1 5 270
1 2 271
1 1 275
1 8 285
1 7 294
1 3 322
1 5 334
1 2 337
1 5 346
1 1 354
1 1 366
1 5 371
1 3 395
1 8 403
1 6 405
1 1 416
1 8 419
1 8 442
1 9 447
1 4 453
1 1 457
1 10 473
2 6 19
2 9 20
2 10 26
2 3 31
2 2 33
2 1 40
2 3 71
2 7 80
2 2 93
2 9 94
2 1 110
2 1 119
2 9 127
2 10 179
2 6 194
2 5 224
2 10 231
2 8 257
2 1 269
2 6 273
2 1 286
2 4 292
2 1 304
2 6 328
2 7 357
2 3 374
2 2 389
2 10 395
2 9 403
2 8 409
2 3 412
2 8 438
2 10 462
2 4 488
3 4 9
3 1 19
3 10 27
3 5 31
3 2 79
3 2 88
3 10 141
3 10 150
3 5 152
3 7 169
3 3 181
3 3 184
3 4 195
3 3 204
3 1 226
3 2 228
3 10 235
3 3 241
3 8 249
3 10 269
3 1 310
3 5 331
3 4 378
3 1 381
3 3 382
3 2 388
3 3 393
3 2 399
3 6 421
3 6 432
3 9 434
3 6 467
3 10 473
3 7 485
3 1 491
3 2 493
4 5 5
4 7 9
4 8 12
4 3 16
4 10 24
4 6 53
4 5 55
4 2 63
4 8 65
4 7 70
4 6 94
4 7 96
4 9 97
4 8 107
4 9 113
4 6 128
4 5 142
4 8 155
4 2 157
4 6 160
4 3 188
4 9 196
4 6 201
4 5 203
4 9 206
4 4 224
4 10 251
4 5 265
4 4 273
4 7 276
4 2 286
4 5 287
4 9 293
4 8 295
4 2 311
4 6 319
4 6 321
4 2 346
4 10 379
4 4 408
4 2 414
4 3 475
4 1 483
5 3 14
5 5 58
5 5 63
5 8 72
5 6 88
5 9 103
5 7 105
5 4 115
5 6 119
5 4 127
5 2 132
5 1 134
5 10 157
5 3 206
5 2 220
5 5 229
5 1 253
5 2 254
5 8 279
5 10 286
5 10 306
5 4 308
5 6 350
5 8 363
5 6 384
5 8 385
5 6 400
5 6 427
5 5 451
5 10 453
5 7 457
5 8 461
5 3 470
5 1 476
5 9 480
5 6 496
6 1 14
6 2 15
6 2 17
6 7 27
6 3 54
6 3 58
6 1 59
6 6 64
6 1 84
6 5 103
6 8 116
6 1 119
6 10 124
6 5 130
6 8 151
6 3 155
6 4 157
6 3 166
6 4 176
6 2 205
6 8 250
6 9 263
6 10 283
6 2 284
6 2 287
6 6 311
6 3 320
6 10 322
6 3 344
6 8 373
6 8 376
6 10 392
6 10 397
6 1 400
6 4 403
6 6 418
6 5 428
6 10 446
6 7 460
6 9 467
6 2 480
6 3 494
6 6 498
7 8 9
7 10 32
7 9 34
7 4 36
7 5 50
7 9 88
7 3 97
7 3 118
7 8 129
7 4 176
7 3 179
7 10 181
7 9 182
7 10 204
7 4 215
7 7 224
7 5 235
7 7 241
7 6 243
7 10 246
7 5 273
7 5 349
7 10 361
7 5 367
7 4 368
7 1 376
7 10 378
7 8 383
7 10 384
7 3 439
7 5 440
7 1 448
7 9 452
7 1 461
7 9 463
7 2 467
7 4 482
7 6 488
7 4 495
8 8 54
8 9 55
8 3 67
8 2 72
8 10 77
8 1 85
8 8 100
8 10 101
8 6 116
8 9 142
8 1 150
8 5 171
8 5 178
8 3 201
8 6 202
8 10 214
8 3 236
8 7 253
8 7 263
8 3 287
8 9 293
8 2 302
8 8 303
8 9 312
8 1 316
8 7 352
8 9 369
8 4 374
8 1 402
8 7 403
8 7 405
8 8 417
8 6 431
8 8 477
8 8 486
9 4 21
9 1 24
9 10 66
9 3 71
9 6 76
9 3 95
9 4 108
9 10 109
9 4 116
9 7 124
9 6 130
9 4 132
9 5 141
9 10 147
9 7 150
9 7 159
9 8 167
9 7 171
9 4 173
9 5 184
9 4 193
9 9 211
9 1 220
9 2 308
9 4 316
9 5 349
9 10 361
9 9 362
9 8 370
9 4 418
9 8 423
9 8 483
9 9 484
10 1 62
10 7 64
10 10 71
10 2 74
10 2 105
10 9 111
10 9 114
10 1 125
10 4 133
10 2 137
10 6 195
10 4 199
10 1 230
10 10 237
10 10 257
10 10 266
10 1 300
10 9 302
10 10 316
10 9 317
10 8 327
10 1 354
10 8 356
10 2 398
10 5 414
10 7 428
10 10 441
10 9 464
10 1 474
10 8 478
10 7 480
11 5 33
11 4 35
11 2 43
11 4 65
11 9 67
11 6 68
11 8 69
11 6 70
11 10 86
11 4 93
11 2 148
11 9 172
11 10 191
11 9 204
11 1 226
11 3 232
11 4 233
11 9 245
11 3 261
11 1 262
11 8 312
11 5 341
11 2 422
11 1 451
11 3 467
11 9 483
11 4 486
12 10 16
12 3 20
12 9 23
12 9 38
12 7 61
12 2 78
12 8 84
12 7 117
12 5 120
12 7 145
12 1 151
12 2 155
12 9 156
12 2 168
12 1 213
12 8 228
12 8 233
12 9 244
12 10 258
12 3 265
12 3 299
12 9 306
12 4 311
12 6 320
12 4 343
12 1 355
12 3 362
12 5 363
12 2 384
12 8 386
12 7 409
12 8 450
12 5 483
12 4 491
12 5 493
12 3 496
12 5 498
13 5 17
13 6 20
13 8 23
13 5 35
13 7 38
13 3 41
13 3 44
13 4 47
13 5 71
13 5 79
13 1 98
13 5 116
13 7 128
13 8 138
13 1 141
13 10 149
13 7 152
13 5 171
13 1 178
13 2 184
13 9 185
13 2 191
13 2 199
13 3 202
13 3 207
13 8 216
13 10 236
13 3 255
13 8 257
13 10 262
13 8 272
13 5 279
13 6 288
13 10 312
13 7 326
13 5 337
13 8 395
13 8 414
13 8 427
13 6 439
13 4 477
13 10 497
14 2 25
14 1 31
14 1 46
14 1 53
14 4 74
14 9 108
14 8 109
14 6 125
14 9 146
14 5 152
14 5 153
14 5 178
14 8 185
14 3 188
14 8 189
14 9 204
14 3 208
14 10 211
14 10 217
14 8 221
14 7 227
14 1 230
14 4 243
14 8 249
14 3 251
14 2 290
14 3 319
14 5 325
14 10 344
14 9 345
14 4 370
14 5 389
14 5 395
14 6 417
14 10 464
14 6 467
14 6 472
14 5 477
14 2 481
15 4 19
15 7 20
15 5 35
15 5 50
15 8 70
15 5 87
15 10 88
15 10 106
15 8 111
15 4 138
15 10 195
15 2 200
15 1 206
15 1 212
15 5 220
15 7 236
15 7 257
15 4 260
15 10 270
15 10 277
15 4 301
15 9 320
15 4 323
15 6 349
15 1 353
15 1 378
15 6 379
15 5 388
15 1 415
15 9 452
15 7 461
15 3 462
15 10 467
16 9 18
16 10 19
16 8 36
16 1 47
16 2 65
16 7 81
16 3 98
16 9 106
16 6 109
16 10 116
16 10 123
16 3 136
16 5 157
16 9 167
16 10 177
16 2 213
16 4 218
16 10 224
16 9 258
16 8 260
16 7 272
16 3 290
16 4 307
16 10 364
16 9 365
16 4 390
16 3 405
16 2 411
16 5 416
16 8 421
16 10 424
16 1 462
16 3 465
16 9 485
16 9 491
17 6 58
17 5 108
17 8 121
17 10 132
17 6 141
17 9 169
17 1 183
17 8 184
17 9 196
17 3 199
17 9 220
17 6 223
17 1 231
17 8 236
17 1 294
17 10 307
17 1 309
17 2 327
17 1 344
17 3 355
17 7 411
17 1 433
17 7 458
17 9 466
18 2 30
18 3 34
18 9 69
18 5 76
18 10 80
18 8 116
18 3 124
18 4 135
18 2 166
18 10 177
18 2 186
18 8 197
18 8 210
18 3 211
18 7 215
18 8 216
18 6 217
18 10 245
18 10 261
18 6 289
18 2 294
18 3 320
18 6 326
18 8 327
18 5 351
18 3 364
18 1 392
18 4 396
18 7 401
18 6 435
18 9 439
18 7 448
18 7 451
18 3 459
18 3 477
18 9 495
19 2 23
19 7 32
19 1 36
19 1 90
19 5 97
19 3 143
19 10 147
19 6 148
19 3 182
19 5 185
19 10 187
19 5 200
19 6 203
19 1 230
19 10 232
19 7 233
19 8 240
19 8 241
19 5 294
19 4 326
19 5 333
19 5 334
19 7 335
19 7 340
19 8 362
19 9 366
19 9 371
19 10 373
19 10 383
19 6 392
19 10 433
19 5 461
20 8 23
20 2 50
20 8 55
20 2 64
20 4 65
20 5 80
20 8 91
20 3 105
20 3 111
20 3 145
20 9 159
20 8 174
20 10 207
20 5 241
20 7 260
20 1 278
20 8 309
20 2 318
20 5 320
20 2 321
20 1 328
20 2 366
20 6 385
20 6 409
20 6 441
20 3 448
20 5 452
20 6 453
20 5 459
20 5 470
20 5 484
20 5 493
21 6 23
21 3 36
21 4 41
21 8 47
21 9 54
21 10 89
21 8 115
21 3 127
21 2 161
21 9 162
21 10 166
21 8 167
21 7 171
21 5 180
21 5 185
21 9 186
21 6 205
21 1 206
21 7 230
21 5 238
21 10 254
21 6 256
21 4 266
21 8 292
21 7 293
21 7 304
21 5 330
21 9 373
21 4 376
21 9 406
21 4 414
21 9 417
21 6 439
21 8 449
22 7 24
22 5 47
22 7 59
22 7 62
22 10 66
22 6 68
22 6 87
22 9 98
22 10 103
22 8 135
22 2 140
22 3 157
22 1 160
22 3 194
22 5 235
22 9 255
22 4 262
22 4 280
22 8 294
22 5 299
22 3 308
22 10 346
22 4 376
22 4 390
22 8 393
22 7 394
22 2 402
22 7 427
22 2 446
22 6 454
22 9 465
22 9 468
22 3 472
22 2 476
22 5 496
23 3 25
23 8 73
23 5 84
23 7 93
23 4 94
23 8 100
23 7 112
23 2 117
23 1 123
23 2 138
23 2 141
23 7 142
23 10 172
23 5 176
23 3 201
23 9 212
23 1 217
23 2 221
23 6 237
23 7 243
23 9 252
23 3 258
23 5 262
23 7 270
23 10 282
23 10 294
23 5 304
23 2 307
23 7 312
23 3 351
23 10 359
23 9 372
23 10 375
23 9 396
23 8 402
23 8 404
23 8 405
23 1 412
23 7 450
23 6 481
23 6 491
23 7 495
24 10 25
24 9 38
24 1 59
24 9 61
24 10 74
24 10 90
24 10 105
24 4 121
24 8 126
24 8 132
24 2 139
24 7 144
24 2 148
24 1 167
24 4 171
24 8 203
24 1 217
24 1 237
24 5 244
24 10 254
24 8 256
24 6 277
24 9 307
24 2 323
24 7 337
24 5 349
24 8 356
24 3 373
24 2 380
24 2 381
24 9 386
24 9 399
24 8 404
24 8 407
24 10 412
24 7 418
24 9 441
24 5 443
24 3 452
24 1 462
24 6 465
24 9 490
24 3 491
25 6 62
25 2 74
25 2 89
25 4 102
25 6 103
25 5 108
25 3 120
25 2 124
25 3 128
25 10 132
25 1 150
25 4 187
25 3 188
25 1 204
25 5 212
25 7 217
25 7 222
25 6 246
25 2 258
25 7 266
25 7 288
25 1 290
25 7 291
25 5 314
25 10 351
25 4 356
25 1 361
25 10 372
25 7 379
25 2 385
25 8 386
25 1 397
25 4 409
25 1 436
25 6 438
25 2 448
25 1 449
25 9 464
26 4 42
26 1 53
26 4 81
26 2 90
26 1 91
26 2 113
26 6 130
26 7 154
26 10 159
26 1 172
26 7 186
26 3 204
26 9 205
26 6 213
26 4 222
26 7 240
26 2 244
26 8 248
26 8 280
26 9 296
26 3 300
26 3 307
26 3 309
26 2 320
26 4 328
26 4 345
26 5 349
26 4 350
26 4 359
26 6 385
26 8 390
26 6 396
26 5 402
26 2 407
26 8 432
26 6 435
26 2 487
27 1 28
27 9 40
27 9 52
27 9 71
27 7 89
27 7 103
27 1 107
27 7 143
27 10 144
27 3 177
27 7 186
27 5 197
27 9 206
27 2 224
27 9 229
27 5 233
27 3 250
27 1 251
27 4 253
27 3 285
27 2 287
27 6 307
27 7 338
27 2 376
27 10 390
27 7 402
27 3 408
27 4 425
27 9 432
27 1 433
27 4 437
27 1 438
27 4 447
27 9 459
27 3 489
28 2 45
28 8 71
28 4 89
28 1 91
28 3 93
28 3 138
28 9 139
28 1 143
28 5 187
28 8 205
28 10 217
28 3 227
28 10 229
28 3 234
28 2 243
28 10 248
28 1 270
28 5 278
28 4 290
28 4 308
28 1 315
28 7 317
28 9 321
28 7 322
28 10 329
28 7 335
28 6 339
28 4 358
28 1 360
28 9 361
28 8 362
28 4 365
28 3 375
28 5 386
28 1 401
28 5 408
28 10 410
28 7 411
28 5 415
28 7 426
28 2 430
28 9 442
28 4 488
28 9 493
28 8 497
29 4 33
29 9 69
29 4 71
29 7 78
29 7 106
29 3 147
29 1 162
29 2 172
29 5 193
29 8 211
29 6 213
29 3 224
29 4 227
29 3 232
29 10 245
29 6 269
29 10 318
29 1 391
29 8 395
29 8 427
29 7 428
29 4 449
29 5 456
29 7 477
29 7 479
29 2 484
29 4 495
30 5 58
30 9 59
30 8 70
30 6 98
30 3 105
30 5 114
30 7 121
30 2 127
30 9 153
30 10 166
30 10 203
30 10 209
30 10 211
30 9 222
30 3 271
30 3 282
30 2 283
30 2 295
30 9 302
30 1 303
30 3 304
30 10 305
30 10 326
30 5 339
30 5 345
30 9 348
30 1 349
30 1 361
30 7 365
30 4 373
30 3 397
30 6 409
30 4 413
30 9 430
30 1 447
30 10 463
30 9 474
30 7 475
30 1 486
30 5 491
30 1 493
30 9 496
31 3 73
31 2 75
31 2 78
31 5 80
31 5 95
31 10 99
31 3 104
31 6 107
31 8 151
31 1 158
31 6 186
31 4 198
31 8 205
31 9 229
31 9 257
31 4 264
31 3 303
31 7 314
31 7 324
31 4 329
31 6 331
31 3 350
31 1 391
31 3 399
31 1 444
31 5 449
31 10 454
31 8 469
31 8 481
32 1 44
32 10 46
32 1 70
32 5 89
32 5 94
32 5 110
32 6 111
32 10 114
32 2 122
32 5 123
32 1 146
32 7 149
32 3 156
32 1 167
32 1 194
32 10 196
32 4 210
32 7 216
32 7 229
32 3 230
32 10 246
32 2 274
32 10 302
32 5 325
32 6 337
32 7 340
32 9 343
32 8 351
32 7 357
32 9 358
32 10 374
32 1 380
32 4 396
32 7 400
32 9 407
32 2 408
32 6 414
32 7 425
32 5 443
32 9 449
32 5 460
32 8 465
32 2 472
32 9 476
32 5 489
32 5 491
33 1 67
33 3 97
33 1 154
33 2 168
33 1 171
33 6 182
33 3 186
33 4 207
33 4 221
33 9 342
33 5 394
33 7 395
33 4 414
33 9 416
33 8 436
33 10 475
33 9 478
33 3 479
33 6 487
33 1 497
34 6 38
34 7 40
34 2 41
34 7 49
34 4 52
34 9 54
34 2 68
34 7 84
34 4 107
34 10 110
34 9 123
34 10 136
34 2 138
34 5 140
34 1 170
34 8 172
34 2 184
34 5 193
34 2 219
34 6 228
34 6 233
34 2 236
34 3 251
34 2 256
34 2 258
34 5 264
34 2 277
34 2 300
34 5 304
34 7 315
34 2 319
34 2 448
34 1 458
34 6 472
35 5 40
35 4 65
35 7 103
35 2 119
35 8 132
35 6 138
35 8 141
35 2 152
35 2 166
35 2 184
35 2 193
35 1 216
35 7 235
35 5 243
35 2 252
35 5 255
35 1 261
35 3 275
35 5 299
35 4 301
35 5 313
35 9 336
35 3 343
35 5 369
35 9 384
35 9 407
35 4 420
35 2 446
35 6 470
35 2 481
36 1 52
36 10 75
36 7 77
36 10 81
36 1 109
36 1 122
36 8 124
36 8 152
36 9 179
36 3 193
36 2 214
36 3 222
36 8 244
36 4 246
36 7 259
36 6 277
36 7 294
36 10 296
36 10 312
36 7 317
36 6 318
36 8 333
36 7 334
36 3 338
36 1 364
36 9 369
36 6 381
36 5 386
36 9 398
36 4 399
36 7 404
36 1 435
36 1 455
36 4 472
37 9 38
37 7 39
37 8 44
37 3 48
37 7 62
37 6 66
37 10 69
37 4 80
37 5 105
37 8 110
37 8 122
37 5 137
37 3 158
37 2 187
37 5 198
37 5 200
37 4 215
37 10 220
37 2 223
37 6 233
37 5 236
37 7 240
37 8 254
37 6 257
37 10 271
37 1 297
37 5 317
37 10 325
37 9 341
37 5 345
37 10 354
37 9 359
37 2 380
37 1 430
37 8 436
37 5 440
37 5 466
37 3 478
37 6 487
38 4 67
38 6 77
38 6 98
38 4 99
38 7 113
38 8 128
38 10 130
38 4 132
38 5 134
38 3 142
38 3 146
38 5 160
38 1 182
38 5 184
38 2 202
38 10 205
38 7 232
38 8 240
38 9 242
38 1 260
38 2 287
38 1 297
38 6 317
38 8 322
38 4 324
38 2 331
38 2 362
38 10 364
38 5 398
38 2 417
38 5 424
38 5 427
38 1 440
38 8 441
38 2 445
38 10 482
39 4 41
39 3 43
39 2 73
39 9 124
39 7 129
39 2 138
39 1 144
39 7 173
39 1 174
39 10 177
39 10 183
39 5 201
39 3 202
39 4 226
39 7 240
39 7 245
39 8 252
39 5 259
39 3 271
39 10 281
39 3 288
39 3 291
39 1 295
39 3 302
39 3 310
39 1 313
39 7 320
39 9 321
39 9 328
39 2 376
39 2 384
39 3 386
39 8 395
39 3 398
39 7 408
39 3 424
39 8 425
39 5 446
39 3 455
39 2 468
39 1 480
39 6 490
39 3 496
40 5 41
40 1 44
40 6 74
40 1 106
40 6 117
40 8 131
40 5 153
40 8 217
40 7 255
40 9 263
40 1 266
40 3 283
40 3 284
40 2 297
40 9 304
40 4 305
40 9 313
40 6 348
40 6 357
40 10 375
40 8 380
40 5 408
40 8 413
40 2 414
40 3 421
40 7 426
40 10 439
40 9 443
40 2 446
40 1 447
40 6 462
40 5 476
40 3 479
41 3 50
41 3 55
41 9 70
41 6 81
41 5 93
41 10 94
41 5 112
41 7 160
41 9 162
41 2 169
41 3 194
41 6 203
41 5 211
41 8 214
41 1 218
41 4 228
41 5 262
41 3 264
41 1 272
41 3 273
41 3 297
41 6 324
41 4 344
41 10 367
41 8 376
41 6 393
41 10 406
41 8 444
41 2 485
41 5 492
42 6 43
42 5 51
42 3 84
42 9 92
42 4 93
42 3 125
42 9 140
42 1 158
42 6 184
42 4 203
42 2 213
42 10 216
42 7 223
42 4 229
42 2 237
42 7 253
42 9 256
42 1 261
42 2 266
42 8 273
42 5 280
42 3 284
42 1 300
42 3 301
42 7 306
42 4 331
42 7 353
42 8 368
42 9 376
42 10 378
42 2 385
42 7 399
42 1 408
42 5 419
42 2 427
42 3 491
42 9 497
43 3 48
43 4 53
43 1 54
43 10 55
43 6 72
43 5 74
43 4 81
43 2 89
43 4 90
43 3 94
43 3 99
43 5 132
43 9 153
43 3 170
43 4 172
43 5 175
43 6 177
43 8 190
43 6 222
43 5 250
43 10 255
43 4 275
43 3 287
43 7 302
43 4 314
43 1 323
43 9 324
43 7 332
43 8 345
43 10 366
43 5 369
43 3 381
43 3 422
43 8 429
43 3 459
43 4 468
43 1 469
43 6 480
43 10 481
43 2 486
43 10 491
43 2 494
44 8 54
44 9 78
44 2 88
44 10 92
44 10 111
44 3 132
44 1 150
44 4 152
44 8 153
44 8 159
44 10 160
44 7 174
44 8 175
44 9 204
44 5 215
44 1 254
44 6 260
44 8 261
44 1 293
44 5 299
44 4 309
44 8 312
44 3 336
44 6 339
44 5 362
44 3 367
44 2 390
44 10 407
44 9 433
44 5 476
44 7 480
44 7 492
45 5 82
45 9 95
45 8 109
45 10 120
45 1 129
45 1 130
45 8 144
45 6 152
45 1 165
45 7 209
45 6 272
45 4 279
45 10 286
45 9 287
45 5 302
45 4 311
45 6 319
45 5 325
45 1 331
45 7 349
45 5 354
45 3 370
45 4 384
45 4 402
45 3 408
45 1 410
45 7 413
45 5 422
45 7 426
45 10 427
45 1 436
45 5 470
45 1 473
45 1 474
45 5 475
45 1 482
46 4 47
46 10 55
46 5 57
46 10 64
46 2 69
46 1 116
46 10 130
46 7 141
46 9 149
46 7 151
46 2 165
46 3 191
46 6 204
46 5 226
46 7 229
46 2 234
46 7 235
46 4 243
46 10 271
46 7 304
46 10 305
46 6 316
46 9 318
46 7 334
46 1 335
46 2 339
46 5 353
46 3 370
46 6 372
46 3 377
46 7 385
46 1 392
46 4 408
46 2 434
46 3 436
46 8 442
46 6 451
46 10 454
46 4 464
46 1 478
46 9 496
47 9 63
47 7 74
47 9 93
47 4 107
47 3 125
47 9 128
47 1 144
47 9 178
47 7 197
47 10 206
47 4 226
47 4 228
47 10 233
47 6 245
47 8 253
47 8 261
47 7 267
47 8 268
47 3 309
47 3 328
47 5 331
47 8 334
47 3 342
47 3 349
47 4 356
47 5 358
47 8 395
47 5 407
47 8 417
47 10 427
47 6 456
47 5 459
47 5 485
47 3 487
48 3 52
48 3 57
48 8 80
48 10 92
48 10 93
48 2 97
48 2 120
48 6 121
48 1 134
48 8 137
48 4 139
48 5 144
48 10 146
48 5 152
48 4 153
48 3 156
48 2 160
48 7 201
48 1 202
48 5 203
48 7 232
48 8 237
48 1 260
48 7 268
48 1 293
48 6 308
48 8 312
48 8 317
48 9 323
48 4 339
48 7 343
48 3 348
48 3 361
48 3 406
48 4 414
48 10 425
48 3 427
48 5 438
48 3 449
48 6 460
48 5 476
48 7 492
49 7 50
49 3 51
49 1 74
49 7 101
49 10 128
49 5 129
49 5 133
49 7 145
49 1 147
49 2 154
49 2 159
49 8 162
49 8 169
49 9 187
49 2 188
49 10 202
49 10 231
49 2 241
49 3 277
49 7 303
49 10 338
49 4 349
49 2 356
49 9 366
49 5 398
49 1 418
49 8 422
49 5 444
49 9 448
49 10 452
49 1 471
50 6 53
50 10 54
50 9 59
50 7 71
50 5 95
50 5 100
50 7 130
50 1 141
50 9 142
50 8 148
50 5 183
50 4 217
50 7 223
50 9 235
50 1 244
50 9 245
50 5 270
50 6 279
50 7 286
50 8 301
50 7 307
50 9 325
50 1 326
50 8 333
50 4 371
50 5 387
50 8 394
50 2 400
50 6 408
50 2 426
50 2 468
50 8 471
50 6 479
50 2 485
51 2 80
51 7 89
51 1 110
51 1 176
51 2 185
51 10 188
51 9 199
51 10 202
51 9 209
51 5 222
51 7 238
51 1 241
51 4 251
51 9 254
51 2 267
51 4 270
51 10 283
51 8 292
51 3 297
51 1 299
51 2 300
51 1 305
51 3 318
51 3 351
51 1 356
51 6 371
51 3 372
51 3 390
51 4 399
51 1 415
51 8 431
51 3 432
51 4 439
51 3 480
51 2 484
52 6 82
52 1 103
52 4 125
52 4 157
52 9 158
52 10 171
52 2 199
52 6 210
52 10 248
52 3 251
52 8 341
52 9 375
52 6 385
52 4 387
52 2 393
52 4 398
52 2 439
52 6 471
52 8 482
52 4 486
52 7 488
53 3 55
53 2 57
53 1 71
53 3 75
53 1 94
53 8 108
53 2 109
53 2 113
53 8 123
53 5 146
53 5 189
53 6 213
53 7 215
53 2 231
53 5 254
53 8 268
53 1 279
53 9 280
53 5 287
53 8 302
53 4 315
53 1 329
53 10 330
53 5 334
53 1 338
53 7 351
53 1 371
53 2 388
53 10 389
53 5 395
53 8 400
53 4 415
53 3 428
53 5 431
53 7 439
53 10 460
53 4 472
53 5 478
53 4 483
53 10 486
53 10 499
54 4 59
54 10 65
54 4 89
54 7 102
54 9 109
54 3 116
54 1 121
54 5 122
54 6 123
54 5 138
54 6 156
54 3 157
54 8 169
54 2 175
54 2 181
54 4 189
54 1 198
54 6 227
54 8 236
54 1 238
54 7 258
54 2 264
54 1 269
54 1 300
54 5 320
54 5 344
54 3 353
54 9 366
54 9 370
54 1 382
54 1 392
54 6 424
54 2 431
54 7 450
54 5 468
54 2 480
55 2 101
55 9 119
55 3 122
55 8 158
55 2 167
55 8 171
55 10 180
55 2 191
55 3 200
55 6 201
55 8 203
55 8 256
55 8 274
55 3 288
55 3 289
55 6 315
55 7 325
55 6 330
55 9 346
55 8 350
55 8 361
55 10 369
55 9 379
55 2 391
55 2 397
55 4 412
55 9 429
55 2 437
55 7 458
56 9 73
56 3 79
56 7 103
56 2 120
56 4 137
56 7 151
56 5 156
56 3 159
56 3 167
56 9 191
56 9 207
56 1 247
56 3 248
56 2 270
56 6 281
56 9 287
56 6 291
56 1 302
56 7 307
56 8 329
56 1 343
56 10 359
56 6 369
56 2 384
56 1 399
56 2 412
56 9 421
56 6 423
56 1 424
56 10 438
56 2 444
56 9 468
56 2 485
56 9 487
56 2 492
56 3 499
57 9 84
57 2 98
57 8 102
57 10 110
57 4 129
57 5 139
57 9 146
57 4 149
57 7 190
57 3 202
57 10 210
57 9 244
57 5 250
57 5 270
57 8 307
57 1 329
57 1 338
57 10 353
57 3 361
57 2 390
57 10 410
57 9 415
57 4 425
57 5 437
57 8 440
57 4 468
57 4 470
57 4 481
57 9 482
57 2 493
58 8 69
58 1 77
58 9 82
58 4 86
58 7 92
58 1 98
58 4 106
58 4 122
58 9 128
58 6 142
58 1 143
58 4 152
58 9 174
58 3 176
58 4 183
58 7 230
58 3 255
58 1 290
58 2 293
58 1 320
58 1 335
58 1 350
58 9 358
58 8 369
58 8 375
58 7 382
58 6 390
58 2 393
58 3 397
58 9 414
58 7 426
58 6 431
58 6 436
58 8 437
58 9 449
58 3 465
58 8 476
58 6 497
59 2 61
59 4 69
59 10 82
59 8 86
59 9 110
59 3 124
59 7 159
59 4 178
59 8 186
59 4 190
59 9 193
59 1 199
59 7 210
59 8 256
59 5 258
59 6 260
59 9 262
59 9 289
59 6 299
59 1 311
59 7 320
59 1 322
59 9 332
59 9 348
59 5 390
59 5 394
59 6 396
59 1 398
59 2 421
59 3 448
59 7 457
59 1 460
59 6 461
59 2 478
59 1 490
60 5 74
60 1 77
60 6 104
60 2 106
60 8 115
60 10 143
60 5 157
60 9 180
60 3 181
60 8 183
60 9 199
60 3 203
60 7 207
60 6 225
60 9 236
60 5 244
60 5 247
60 4 250
60 9 266
60 5 274
60 4 310
60 9 327
60 6 352
60 10 377
60 3 404
60 5 409
60 7 410
60 7 412
60 10 415
60 7 432
60 8 444
60 8 480
60 5 491
61 5 76
61 3 79
61 2 100
61 7 114
61 10 131
61 4 136
61 3 162
61 10 180
61 7 185
61 6 197
61 5 198
61 2 219
61 7 245
61 2 246
61 8 283
61 6 292
61 6 312
61 8 314
61 7 315
61 6 331
61 7 385
61 6 386
61 3 389
61 9 396
61 10 403
61 7 428
61 6 435
61 10 443
61 9 459
61 3 460
61 4 462
61 6 465
61 2 477
61 6 488
62 10 91
62 8 92
62 2 100
62 1 106
62 4 116
62 10 136
62 4 139
62 9 150
62 7 156
62 2 162
62 8 163
62 3 219
62 8 273
62 7 303
62 6 321
62 7 322
62 3 323
62 5 327
62 10 337
62 10 339
62 1 347
62 1 358
62 9 372
62 7 390
62 3 403
62 10 414
62 3 416
62 1 421
62 10 424
62 1 427
62 8 442
62 10 454
62 6 457
62 9 466
62 2 492
62 7 496
63 9 71
63 10 105
63 7 107
63 3 108
63 9 113
63 6 160
63 10 176
63 8 178
63 10 183
63 7 192
63 7 196
63 8 197
63 10 198
63 2 204
63 6 210
63 7 214
63 1 221
63 3 235
63 7 241
63 4 243
63 4 278
63 10 285
63 6 295
63 3 310
63 6 316
63 5 331
63 8 360
63 5 371
63 7 376
63 5 386
63 1 428
63 9 432
63 1 437
63 1 439
63 6 448
63 9 451
63 3 487
64 5 70
64 9 84
64 1 91
64 5 94
64 9 120
64 7 132
64 1 157
64 2 177
64 4 196
64 10 220
64 9 244
64 3 259
64 10 260
64 9 271
64 1 295
64 3 301
64 4 314
64 5 337
64 10 349
64 6 368
64 9 384
64 4 397
64 7 401
64 6 405
64 1 414
64 2 456
64 4 459
64 10 468
64 3 470
64 1 488
65 10 84
65 1 85
65 1 92
65 5 103
65 3 162
65 7 166
65 7 180
65 4 191
65 1 205
65 2 213
65 9 215
65 1 221
65 8 232
65 1 236
65 5 241
65 3 251
65 5 278
65 6 279
65 10 282
65 8 295
65 5 320
65 6 329
65 7 331
65 6 366
65 4 371
65 6 388
65 4 427
65 10 433
65 5 435
65 5 436
65 2 458
65 10 496
66 6 82
66 5 93
66 8 141
66 1 149
66 3 153
66 1 156
66 3 157
66 4 184
66 4 203
66 7 224
66 8 264
66 9 271
66 7 277
66 10 281
66 2 282
66 4 327
66 9 332
66 1 338
66 10 344
66 1 362
66 7 363
66 10 367
66 7 377
66 9 378
66 1 403
66 7 426
66 4 430
66 10 437
66 2 439
66 3 446
66 4 464
66 10 474
66 5 484
66 2 491
66 1 496
67 2 69
67 7 70
67 8 104
67 3 112
67 6 118
67 6 123
67 3 167
67 4 171
67 4 183
67 7 191
67 3 225
67 4 230
67 5 245
67 9 246
67 8 254
67 9 263
67 8 272
67 3 293
67 8 322
67 3 331
67 5 332
67 8 341
67 5 347
67 7 353
67 10 368
67 6 397
67 10 405
67 8 426
67 7 427
67 10 448
67 1 480
67 6 487
67 9 493
68 3 93
68 10 107
68 7 116
68 10 139
68 9 159
68 4 161
68 1 168
68 10 188
68 3 189
68 1 217
68 10 219
68 4 231
68 10 252
68 8 256
68 5 265
68 5 271
68 8 287
68 6 314
68 5 317
68 1 323
68 3 340
68 8 346
68 2 365
68 5 376
68 10 379
68 8 398
68 5 406
68 8 410
68 5 422
68 5 451
68 6 452
68 1 472
68 5 480
68 4 485
69 1 77
69 8 83
69 2 90
69 6 108
69 1 111
69 2 128
69 3 129
69 10 148
69 10 159
69 6 163
69 4 206
69 8 208
69 4 216
69 8 238
69 9 240
69 8 261
69 5 262
69 10 295
69 6 308
69 2 319
69 3 326
69 1 329
69 7 346
69 9 352
69 10 354
69 1 409
69 8 421
69 7 428
69 3 430
69 8 432
69 3 454
69 6 471
69 3 475
69 2 476
69 1 487
69 9 493
69 9 497
70 4 74
70 3 89
70 9 92
70 3 95
70 8 97
70 10 141
70 3 170
70 3 186
70 8 217
70 3 240
70 7 245
70 6 248
70 1 262
70 8 324
70 8 350
70 3 364
70 6 392
70 6 411
70 4 412
70 5 431
70 6 447
70 1 460
70 2 467
70 6 479
71 8 116
71 5 120
71 3 133
71 8 143
71 5 152
71 4 156
71 7 163
71 10 164
71 6 176
71 4 177
71 10 212
71 1 215
71 6 221
71 8 228
71 7 239
71 8 245
71 2 246
71 4 280
71 3 291
71 9 294
71 6 316
71 7 319
71 6 328
71 6 340
71 4 346
71 7 348
71 9 351
71 6 359
71 6 365
71 7 366
71 7 369
71 1 370
71 10 384
71 2 404
71 10 428
71 3 429
71 1 435
71 5 437
71 5 448
71 9 451
71 5 460
71 7 462
71 9 465
71 3 478
71 4 483
72 5 74
72 5 100
72 5 166
72 5 184
72 5 202
72 10 240
72 2 247
72 8 270
72 1 284
72 3 311
72 7 318
72 5 378
72 5 397
72 7 414
72 10 428
72 1 436
72 2 441
72 8 448
72 8 467
72 1 474
72 2 479
73 4 82
73 3 99
73 8 103
73 2 104
73 1 136
73 9 155
73 10 198
73 3 203
73 2 214
73 7 226
73 1 235
73 4 242
73 6 243
73 6 244
73 5 273
73 10 276
73 9 291
73 2 294
73 10 351
73 6 362
73 5 372
73 2 393
73 4 400
73 3 405
73 1 421
73 4 491
74 5 80
74 7 93
74 3 95
74 7 113
74 9 123
74 5 130
74 5 138
74 5 139
74 6 144
74 5 162
74 8 225
74 5 233
74 9 293
74 1 296
74 4 315
74 1 321
74 3 323
74 3 324
74 3 326
74 8 330
74 8 335
74 6 358
74 8 361
74 6 371
74 6 377
74 4 388
74 8 396
74 4 463
74 6 478
74 3 481
74 8 491
74 10 497
75 1 81
75 2 139
75 1 152
75 5 186
75 9 210
75 3 213
75 5 220
75 9 223
75 9 235
75 7 238
75 7 254
75 6 276
75 8 279
75 3 284
75 5 328
75 3 331
75 2 332
75 10 343
75 4 355
75 3 364
75 8 380
75 2 401
75 3 420
75 4 422
75 9 485
76 3 77
76 10 142
76 4 168
76 1 169
76 2 172
76 6 173
76 3 209
76 3 250
76 2 252
76 2 256
76 3 257
76 3 258
76 7 273
76 4 279
76 1 286
76 7 300
76 8 308
76 2 316
76 1 325
76 1 337
76 10 347
76 3 357
76 1 362
76 2 368
76 7 372
76 2 373
76 10 407
76 9 417
76 10 443
76 8 448
76 1 463
76 4 483
76 5 487
77 10 89
77 2 90
77 4 96
77 7 111
77 5 121
77 5 147
77 2 155
77 9 183
77 5 184
77 1 225
77 7 230
77 2 249
77 2 251
77 7 253
77 1 263
77 3 273
77 4 284
77 10 300
77 1 302
77 3 303
77 1 335
77 10 346
77 6 353
77 6 359
77 7 390
77 9 399
77 2 439
77 8 460
77 4 478
77 10 481
77 4 490
78 5 89
78 10 122
78 7 157
78 4 160
78 2 194
78 3 200
78 9 206
78 7 208
78 6 229
78 5 234
78 1 265
78 2 274
78 5 275
78 6 295
78 4 341
78 7 345
78 1 363
78 1 408
78 2 431
78 1 469
78 6 499
79 3 87
79 4 89
79 3 114
79 6 119
79 2 125
79 10 159
79 3 194
79 1 200
79 7 205
79 10 227
79 3 230
79 3 234
79 4 258
79 5 271
79 1 287
79 2 307
79 8 314
79 10 320
79 7 329
79 7 365
79 6 376
79 4 384
79 2 404
79 2 408
79 1 437
79 9 449
79 6 450
79 7 489
80 3 93
80 1 119
80 1 129
80 9 164
80 9 170
80 2 175
80 5 206
80 4 209
80 2 218
80 5 266
80 1 274
80 8 287
80 6 337
80 4 363
80 7 372
80 3 384
80 9 389
80 5 395
80 1 402
80 8 409
80 3 447
80 6 455
80 6 457
80 3 458
80 6 469
80 6 471
81 8 114
81 3 116
81 6 147
81 8 149
81 5 152
81 6 155
81 10 163
81 6 175
81 4 177
81 7 184
81 9 220
81 2 232
81 6 234
81 4 272
81 10 277
81 1 309
81 7 319
81 9 385
81 1 396
81 6 406
81 5 436
81 9 438
81 1 498
82 3 146
82 1 148
82 4 155
82 9 163
82 7 168
82 3 169
82 8 197
82 4 213
82 3 262
82 10 276
82 9 298
82 3 318
82 7 323
82 5 331
82 9 339
82 3 350
82 10 353
82 9 363
82 9 386
82 4 392
82 1 403
82 10 405
82 6 414
82 2 428
82 1 430
82 3 435
82 6 460
82 9 463
82 3 494
83 3 88
83 6 98
83 7 108
83 10 131
83 8 133
83 5 150
83 9 166
83 5 167
83 4 169
83 8 172
83 10 178
83 9 191
83 7 195
83 5 236
83 4 251
83 9 262
83 3 267
83 5 276
83 7 287
83 1 289
83 6 293
83 1 301
83 4 351
83 2 352
83 2 361
83 9 368
83 3 378
83 8 380
83 5 383
83 2 387
83 10 388
83 2 407
83 8 408
83 3 463
83 5 472
83 8 498
84 6 98
84 7 102
84 7 117
84 6 119
84 4 120
84 3 146
84 4 166
84 3 167
84 3 172
84 4 194
84 8 207
84 10 210
84 9 220
84 3 247
84 6 282
84 4 288
84 3 292
84 8 293
84 8 311
84 4 324
84 6 331
84 2 361
84 2 362
84 4 366
84 7 373
84 8 375
84 5 378
84 10 380
84 3 382
84 9 385
84 5 396
84 9 400
84 3 412
84 7 422
84 7 424
84 8 444
84 4 457
84 8 498
85 6 115
85 8 123
85 6 135
85 5 142
85 8 153
85 5 158
85 9 163
85 9 178
85 7 182
85 9 199
85 8 200
85 4 222
85 2 223
85 9 225
85 9 244
85 9 260
85 3 262
85 10 285
85 8 298
85 8 300
85 2 301
85 5 337
85 7 338
85 6 339
85 8 348
85 7 358
85 3 365
85 2 374
85 4 378
85 9 379
85 6 414
85 2 421
85 2 442
85 5 465
85 3 470
85 2 475
85 4 481
85 6 483
85 5 490
85 10 491
86 1 91
86 3 105
86 10 122
86 7 123
86 7 147
86 4 149
86 10 153
86 4 182
86 6 185
86 10 187
86 9 215
86 8 222
86 5 226
86 4 246
86 1 249
86 7 253
86 7 359
86 4 361
86 9 368
86 10 420
86 7 423
86 8 435
86 4 441
86 3 449
86 2 456
86 6 466
86 5 473
86 5 478
86 3 479
86 5 482
87 8 123
87 7 143
87 10 163
87 2 178
87 2 190
87 2 197
87 6 213
87 5 236
87 4 257
87 1 270
87 10 277
87 8 291
87 2 293
87 7 295
87 2 302
87 6 323
87 5 342
87 10 353
87 3 360
87 3 363
87 3 372
87 4 389
87 3 411
87 3 432
87 6 478
88 5 102
88 2 107
88 2 109
88 10 112
88 1 145
88 6 153
88 4 171
88 4 172
88 5 184
88 7 197
88 2 225
88 4 239
88 5 272
88 10 274
88 1 276
88 6 291
88 3 307
88 1 310
88 7 316
88 1 329
88 7 330
88 2 335
88 5 354
88 4 357
88 2 378
88 1 379
88 8 387
88 9 395
88 9 406
88 6 474
88 3 475
88 2 490
88 8 494
89 6 97
89 9 151
89 8 172
89 3 175
89 10 200
89 3 205
89 4 218
89 5 219
89 10 237
89 1 248
89 10 261
89 5 269
89 10 281
89 8 322
89 4 327
89 4 333
89 6 351
89 2 355
89 5 377
89 8 378
89 6 422
89 8 431
89 4 436
89 5 446
89 5 456
89 7 497
90 3 96
90 9 104
90 4 130
90 1 131
90 10 134
90 1 136
90 6 144
90 6 148
90 8 170
90 7 181
90 10 198
90 4 211
90 3 223
90 9 232
90 1 234
90 3 246
90 3 251
90 1 254
90 6 268
90 4 290
90 3 319
90 5 340
90 2 356
90 1 358
90 1 379
90 5 380
90 10 395
90 8 469
90 6 471
90 2 480
91 7 96
91 4 98
91 4 99
91 7 106
91 5 108
91 7 114
91 1 122
91 8 136
91 8 149
91 1 156
91 10 165
91 4 170
91 1 214
91 10 226
91 3 271
91 8 276
91 1 293
91 9 298
91 10 308
91 7 309
91 10 330
91 6 377
91 4 391
91 8 414
91 3 426
91 10 444
91 4 454
91 1 465
91 10 469
91 8 485
91 10 488
91 6 491
91 2 499
92 10 95
92 6 106
92 8 107
92 3 109
92 1 119
92 5 177
92 6 198
92 1 218
92 2 223
92 4 228
92 1 241
92 3 257
92 1 279
92 4 289
92 9 299
92 8 313
92 6 314
92 8 324
92 9 325
92 9 328
92 6 331
92 3 339
92 5 379
92 4 388
92 4 390
92 10 395
92 6 401
92 2 419
92 2 430
92 3 431
92 7 453
92 6 455
92 4 466
92 5 472
92 10 474
92 10 476
92 9 499
93 2 103
93 1 112
93 2 158
93 5 165
93 1 185
93 1 196
93 1 200
93 10 203
93 1 205
93 2 209
93 8 216
93 7 228
93 6 265
93 7 296
93 7 299
93 1 314
93 1 331
93 9 336
93 2 351
93 8 357
93 8 372
93 8 427
93 3 453
93 4 486
94 3 95
94 1 96
94 9 116
94 8 127
94 9 145
94 10 149
94 10 177
94 5 225
94 7 226
94 1 227
94 2 228
94 9 255
94 3 258
94 10 264
94 6 281
94 3 302
94 8 307
94 5 311
94 7 336
94 4 343
94 6 346
94 4 347
94 4 350
94 2 388
94 10 397
94 3 406
94 1 416
94 5 436
94 7 441
94 10 482
95 9 109
95 5 131
95 1 146
95 5 171
95 1 173
95 3 180
95 6 182
95 6 210
95 5 221
95 2 255
95 8 265
95 5 267
95 4 286
95 5 307
95 3 327
95 3 343
95 7 353
95 6 360
95 2 389
95 8 412
95 2 436
95 8 454
95 1 464
95 6 480
95 7 484
95 3 499
96 4 99
96 2 107
96 8 117
96 2 119
96 4 130
96 9 133
96 5 135
96 5 136
96 3 161
96 7 174
96 5 181
96 10 183
96 4 207
96 5 212
96 4 216
96 6 218
96 1 228
96 9 229
96 9 243
96 10 245
96 10 250
96 7 254
96 6 259
96 1 264
96 5 277
96 4 296
96 2 308
96 10 318
96 1 320
96 10 331
96 6 344
96 5 365
96 2 366
96 6 369
96 2 370
96 3 377
96 2 388
96 10 400
96 7 403
96 1 405
96 5 418
96 1 424
96 1 434
96 9 446
96 10 471
96 9 485
96 2 489
97 9 100
97 3 101
97 7 110
97 8 112
97 8 113
97 2 117
97 6 130
97 4 136
97 4 138
97 7 140
97 9 144
97 8 152
97 8 157
97 6 170
97 5 202
97 7 246
97 10 270
97 9 295
97 7 326
97 6 335
97 5 353
97 7 373
97 2 383
97 9 390
97 8 403
97 7 478
97 4 493
98 2 151
98 7 181
98 7 206
98 9 235
98 2 240
98 8 248
98 7 276
98 5 278
98 2 280
98 8 285
98 8 295
98 5 316
98 4 334
98 6 336
98 2 343
98 7 381
98 5 408
98 3 425
98 2 429
98 6 434
98 2 440
98 7 441
98 7 447
98 6 450
98 5 464
98 9 466
98 9 486
98 5 495
99 3 125
99 2 131
99 7 154
99 8 170
99 1 175
99 10 181
99 2 200
99 1 219
99 2 226
99 1 229
99 10 242
99 4 265
99 3 294
99 7 310
99 2 319
99 10 341
99 3 354
99 3 380
99 8 388
99 9 389
99 6 390
99 2 396
99 6 411
99 2 450
99 9 470
99 10 476
99 9 489
100 2 115
100 2 120
100 7 124
100 1 135
100 7 186
100 3 197
100 2 210
100 7 226
100 10 229
100 1 264
100 9 281
100 4 282
100 2 292
100 1 294
100 1 327
100 7 346
100 8 373
100 2 387
100 2 398
100 8 402
100 8 404
100 5 413
100 5 452
100 4 463
100 3 470
100 10 485
100 5 491
101 7 121
101 7 152
101 9 169
101 1 182
101 10 214
101 3 224
101 3 231
101 6 246
101 1 261
101 9 269
101 7 271
101 7 284
101 8 287
101 3 293
101 1 302
101 4 308
101 5 312
101 9 326
101 8 357
101 2 363
101 4 373
101 2 378
101 4 402
101 1 405
101 3 414
101 5 423
101 3 425
101 9 488
101 2 490
101 4 492
101 8 498
101 6 499
102 10 113
102 5 114
102 7 115
102 8 143
102 8 150
102 4 153
102 7 159
102 2 163
102 1 180
102 3 183
102 7 196
102 1 214
102 4 225
102 4 231
102 10 237
102 5 241
102 1 251
102 5 256
102 3 271
102 1 330
102 9 336
102 7 357
102 6 397
102 5 399
102 7 413
102 3 443
102 5 462
102 10 479
102 1 481
102 1 497
103 1 105
103 4 120
103 2 130
103 6 161
103 10 169
103 9 184
103 1 188
103 2 205
103 7 208
103 1 211
103 4 220
103 4 225
103 3 231
103 1 239
103 2 244
103 7 280
103 3 283
103 1 288
103 1 289
103 6 292
103 4 315
103 9 327
103 4 328
103 10 337
103 6 339
103 5 351
103 9 352
103 1 392
103 5 393
103 7 395
103 5 415
103 2 432
103 4 462
103 5 475
103 10 488
104 8 116
104 10 118
104 5 122
104 10 126
104 1 130
104 1 146
104 6 161
104 3 162
104 1 163
104 10 168
104 1 175
104 2 179
104 6 184
104 2 191
104 6 193
104 3 202
104 5 243
104 8 255
104 2 279
104 6 304
104 5 324
104 6 347
104 7 363
104 5 373
104 10 375
104 4 389
104 6 404
104 6 414
104 4 415
104 6 417
104 8 449
104 3 473
104 7 492
105 10 140
105 7 143
105 1 152
105 1 169
105 6 180
105 3 184
105 2 199
105 4 203
105 1 205
105 3 210
105 3 218
105 8 232
105 6 261
105 1 263
105 8 272
105 7 276
105 3 320
105 8 334
105 1 342
105 2 347
105 1 361
105 9 366
105 6 391
105 2 392
105 7 397
105 2 417
105 2 419
105 10 443
105 10 449
105 7 463
105 4 475
105 7 480
105 6 485
105 7 488
105 5 489
106 3 151
106 10 156
106 4 164
106 6 174
106 10 177
106 2 180
106 10 182
106 4 190
106 5 199
106 9 215
106 3 219
106 2 228
106 10 247
106 8 253
106 10 260
106 5 269
106 4 284
106 3 291
106 8 294
106 7 321
106 8 337
106 9 361
106 10 362
106 1 385
106 6 397
106 10 420
106 4 423
106 1 455
106 5 457
106 7 463
106 10 469
106 10 476
106 4 478
106 3 480
106 1 483
106 7 485
106 7 490
106 6 492
107 4 109
107 7 122
107 9 135
107 9 155
107 3 158
107 10 166
107 8 172
107 7 173
107 7 185
107 7 204
107 7 208
107 10 211
107 4 221
107 6 236
107 10 239
107 5 244
107 4 258
107 2 265
107 3 278
107 6 282
107 8 285
107 2 288
107 8 300
107 10 326
107 6 328
107 3 346
107 5 366
107 10 372
107 1 376
107 2 392
107 7 406
107 10 407
107 5 423
107 7 425
107 7 445
107 9 451
107 5 459
107 6 466
107 6 472
107 3 476
107 9 478
107 9 483
108 9 130
108 10 140
108 6 141
108 2 150
108 2 162
108 7 163
108 7 166
108 2 203
108 2 211
108 2 215
108 3 249
108 2 270
108 6 282
108 10 283
108 5 297
108 7 310
108 5 345
108 4 392
108 2 393
108 10 399
108 6 417
108 9 421
108 4 424
108 4 429
108 4 439
108 3 469
108 4 491
108 4 497
109 4 110
109 9 124
109 4 131
109 4 138
109 9 167
109 9 173
109 8 186
109 5 204
109 9 206
109 6 219
109 10 252
109 8 256
109 10 266
109 2 273
109 6 285
109 2 292
109 10 302
109 10 322
109 7 337
109 2 363
109 8 372
109 10 379
109 9 387
109 2 396
109 10 409
109 8 446
109 10 471
109 6 476
109 7 492
109 3 495
110 9 113
110 4 114
110 5 126
110 7 145
110 5 155
110 1 175
110 8 202
110 1 205
110 4 207
110 4 251
110 1 256
110 2 277
110 2 327
110 3 340
110 2 343
110 3 348
110 7 349
110 4 388
110 8 393
110 10 394
110 5 400
110 10 408
110 8 415
110 10 416
110 6 429
110 8 431
110 4 454
110 2 462
110 8 464
110 1 469
110 9 480
110 8 489
110 9 493
110 9 494
110 2 495
110 4 498
111 4 119
111 9 122
111 10 126
111 4 158
111 2 169
111 7 185
111 5 234
111 7 238
111 9 241
111 10 268
111 1 284
111 8 323
111 6 337
111 4 339
111 6 374
111 8 378
111 6 498
112 1 114
112 6 140
112 6 144
112 5 146
112 6 153
112 6 163
112 8 207
112 7 209
112 4 221
112 4 222
112 3 229
112 2 251
112 8 274
112 5 280
112 7 283
112 9 288
112 8 299
112 7 300
112 9 320
112 4 328
112 2 340
112 10 385
112 6 440
112 7 443
112 6 445
112 5 452
112 5 466
112 6 475
112 6 479
112 7 480
112 7 490
113 7 136
113 9 137
113 4 161
113 5 172
113 1 182
113 2 190
113 2 191
113 5 195
113 2 232
113 7 234
113 1 253
113 9 262
113 9 267
113 4 268
113 5 301
113 3 308
113 2 310
113 8 338
113 7 363
113 10 394
113 2 424
113 1 431
113 8 435
113 8 451
113 5 468
113 7 474
113 9 477
113 8 497
114 4 126
114 7 143
114 2 150
114 1 160
114 6 168
114 5 187
114 6 189
114 2 200
114 4 207
114 4 224
114 10 225
114 9 227
114 9 237
114 5 284
114 8 303
114 7 329
114 9 331
114 5 332
114 10 338
114 3 369
114 6 371
114 6 382
114 3 389
114 7 393
114 10 395
114 2 405
114 9 429
114 7 430
114 9 442
114 10 455
114 2 471
114 1 492
114 6 498
115 2 141
115 2 142
115 5 156
115 2 168
115 3 195
115 4 236
115 5 238
115 7 255
115 6 305
115 7 314
115 8 315
115 9 321
115 3 324
115 9 331
115 6 334
115 6 360
115 9 372
115 1 376
115 6 385
115 6 392
115 1 420
115 5 431
115 8 456
115 9 461
115 6 464
115 9 466
116 3 125
116 1 137
116 6 167
116 6 181
116 3 200
116 4 218
116 5 229
116 10 240
116 8 242
116 3 252
116 9 253
116 6 265
116 6 274
116 7 283
116 4 299
116 5 311
116 1 314
116 3 327
116 3 337
116 4 354
116 3 367
116 8 383
116 8 411
116 2 435
116 3 439
116 3 449
116 1 462
116 7 463
116 6 484
116 5 498
117 8 133
117 9 156
117 5 157
117 7 164
117 6 199
117 7 203
117 3 204
117 9 212
117 8 219
117 10 227
117 3 250
117 5 259
117 10 264
117 5 266
117 2 281
117 6 294
117 8 304
117 2 306
117 6 308
117 9 314
117 4 315
117 4 335
117 9 340
117 2 361
117 4 376
117 9 394
117 8 397
117 9 404
117 2 482
118 5 130
118 8 143
118 8 158
118 3 168
118 4 178
118 9 183
118 2 185
118 8 188
118 5 190
118 2 207
118 1 210
118 2 218
118 6 223
118 9 224
118 6 250
118 4 268
118 5 272
118 6 285
118 4 304
118 9 309
118 4 310
118 7 330
118 10 336
118 7 340
118 6 347
118 3 353
118 5 365
118 5 366
118 8 389
118 3 422
118 6 423
118 6 438
118 10 453
119 8 123
119 8 135
119 6 148
119 4 152
119 8 154
119 6 165
119 7 169
119 9 194
119 10 196
119 8 197
119 9 203
119 5 228
119 7 236
119 10 240
119 2 250
119 9 258
119 3 259
119 4 276
119 7 278
119 7 298
119 6 319
119 1 321
119 4 335
119 2 345
119 2 374
119 3 378
119 6 389
119 10 398
119 5 409
119 8 418
119 10 425
119 4 439
119 3 441
119 10 462
119 1 466
119 9 470
119 7 473
119 5 483
119 1 495
120 10 133
120 9 136
120 6 137
120 10 149
120 8 190
120 3 266
120 5 281
120 9 289
120 1 296
120 6 310
120 7 321
120 1 357
120 6 358
120 2 376
120 4 404
120 10 421
120 2 426
120 8 440
120 7 443
120 5 447
120 2 452
120 7 467
120 3 478
120 2 483
120 1 484
121 1 131
121 4 132
121 7 148
121 2 168
121 5 180
121 10 194
121 8 205
121 1 211
121 2 225
121 2 284
121 6 285
121 1 290
121 3 300
121 8 308
121 9 319
121 4 321
121 4 342
121 10 363
121 3 380
121 6 384
121 10 405
121 2 410
121 10 423
121 10 437
121 2 455
121 10 462
121 3 470
121 9 474
121 1 482
121 6 494
121 8 497
122 8 123
122 7 136
122 1 171
122 2 184
122 9 204
122 1 238
122 1 249
122 10 256
122 5 272
122 8 276
122 9 298
122 9 327
122 6 351
122 6 353
122 10 359
122 5 363
122 8 366
122 9 372
122 9 388
122 7 391
122 2 393
122 9 397
122 6 401
122 10 435
122 6 446
122 5 447
122 3 478
122 2 488
122 3 494
123 7 125
123 3 140
123 3 141
123 10 150
123 6 155
123 6 164
123 10 189
123 4 190
123 9 204
123 5 228
123 7 241
123 3 259
123 6 261
123 9 263
123 10 277
123 4 285
123 5 298
123 2 304
123 7 318
123 10 320
123 4 322
123 3 347
123 8 354
123 5 356
123 5 408
123 2 430
123 7 431
123 3 439
123 6 444
123 5 447
123 3 463
124 10 159
124 3 160
124 6 186
124 7 187
124 8 189
124 4 196
124 9 203
124 9 219
124 9 223
124 10 235
124 6 255
124 7 257
124 2 260
124 1 265
124 3 276
124 5 295
124 10 301
124 1 314
124 10 318
124 3 336
124 5 352
124 6 357
124 6 395
124 9 406
124 8 417
124 6 422
124 10 429
124 7 432
124 3 437
124 7 439
124 8 453
124 8 458
124 5 472
124 5 478
124 1 495
125 9 131
125 8 134
125 7 139
125 1 165
125 2 169
125 4 194
125 3 202
125 9 217
125 8 223
125 6 224
125 9 244
125 7 246
125 3 271
125 8 284
125 4 304
125 5 311
125 9 340
125 7 343
125 3 350
125 1 375
125 4 385
125 1 390
125 1 447
125 3 476
125 3 480
125 5 482
125 1 497
126 9 137
126 4 196
126 8 205
126 7 228
126 4 234
126 9 253
126 4 259
126 2 269
126 1 311
126 1 318
126 2 334
126 9 364
126 6 381
126 2 384
126 7 392
126 7 402
126 2 419
126 2 427
126 8 432
126 4 447
126 6 467
126 5 496
127 9 144
127 9 169
127 1 172
127 1 178
127 1 201
127 9 205
127 4 211
127 1 215
127 10 216
127 9 224
127 1 228
127 6 231
127 3 312
127 9 362
127 10 372
127 8 375
127 10 381
127 4 404
127 1 411
127 7 416
127 10 428
127 2 440
127 6 442
127 1 457
127 2 474
127 3 483
127 6 492
128 9 135
128 9 139
128 10 147
128 6 162
128 9 166
128 10 188
128 4 194
128 3 199
128 4 235
128 1 237
128 7 241
128 9 242
128 5 257
128 7 260
128 2 263
128 8 266
128 3 285
128 7 288
128 5 289
128 5 304
128 9 308
128 10 317
128 1 331
128 2 369
128 1 397
128 9 405
128 5 407
128 2 458
128 9 468
128 10 474
128 7 476
128 5 499
129 2 143
129 4 156
129 7 179
129 10 207
129 5 223
129 4 248
129 10 252
129 10 254
129 9 256
129 8 270
129 10 281
129 4 286
129 4 288
129 8 312
129 3 328
129 7 330
129 7 333
129 6 349
129 10 407
129 4 409
129 8 429
129 3 434
130 9 136
130 7 138
130 10 142
130 5 155
130 4 158
130 1 171
130 6 177
130 3 186
130 4 191
130 3 197
130 6 218
130 7 231
130 7 246
130 10 247
130 8 290
130 2 312
130 1 320
130 7 332
130 6 334
130 2 354
130 3 388
130 10 402
130 3 420
130 8 429
131 8 147
131 10 161
131 9 187
131 7 191
131 6 202
131 5 213
131 7 215
131 4 221
131 8 224
131 5 234
131 9 253
131 3 290
131 8 313
131 9 319
131 2 322
131 3 368
131 10 394
131 1 414
131 9 430
131 2 436
131 8 439
131 2 460
131 2 473
131 8 474
132 10 147
132 7 155
132 1 198
132 8 200
132 5 221
132 8 249
132 7 264
132 10 273
132 8 307
132 8 316
132 2 320
132 9 380
132 2 424
132 2 430
132 8 439
132 9 484
132 9 485
132 10 490
133 8 134
133 3 137
133 9 148
133 10 185
133 1 188
133 1 216
133 3 222
133 9 225
133 2 238
133 9 251
133 7 268
133 2 271
133 10 281
133 4 307
133 9 329
133 5 331
133 6 339
133 6 350
133 1 357
133 2 390
133 6 391
133 8 410
133 9 411
133 7 454
133 10 480
133 5 492
134 6 142
134 7 153
134 4 177
134 7 181
134 4 209
134 3 218
134 5 223
134 9 226
134 1 240
134 3 264
134 4 277
134 7 289
134 2 295
134 1 303
134 4 305
134 9 312
134 6 318
134 4 319
134 3 339
134 4 341
134 1 343
134 7 351
134 7 379
134 8 396
134 3 406
134 10 408
134 7 418
134 8 431
134 10 444
134 3 456
134 6 474
134 4 485
134 10 490
134 8 492
134 8 495
135 7 149
135 8 156
135 8 160
135 5 161
135 6 165
135 9 168
135 1 181
135 5 186
135 7 207
135 9 226
135 7 229
135 8 238
135 1 255
135 1 259
135 4 261
135 8 268
135 3 276
135 2 284
135 2 286
135 10 301
135 8 321
135 9 329
135 7 342
135 8 346
135 6 351
135 5 382
135 5 385
135 6 391
135 9 394
135 4 399
135 8 404
135 3 411
135 10 413
135 3 418
135 1 425
135 8 449
136 8 145
136 7 147
136 7 153
136 10 169
136 1 181
136 4 190
136 5 194
136 4 222
136 8 226
136 6 228
136 7 238
136 1 245
136 2 252
136 3 266
136 10 273
136 10 274
136 1 277
136 1 285
136 6 288
136 4 290
136 6 322
136 8 324
136 5 329
136 3 339
136 5 349
136 2 355
136 9 356
136 9 359
136 3 389
136 10 406
136 1 456
136 1 469
136 6 478
136 1 486
136 1 490
136 2 497
137 10 176
137 3 177
137 6 209
137 1 222
137 4 230
137 8 232
137 2 235
137 10 243
137 6 249
137 5 275
137 4 276
137 5 300
137 8 309
137 7 314
137 2 345
137 3 353
137 6 361
137 10 373
137 6 385
137 5 386
137 3 424
137 4 442
137 7 443
137 9 448
137 5 490
137 8 494
137 4 499
138 9 141
138 3 162
138 5 167
138 3 189
138 3 222
138 10 225
138 10 231
138 1 255
138 7 266
138 2 270
138 2 287
138 9 293
138 4 305
138 9 308
138 8 323
138 5 324
138 3 330
138 4 341
138 7 359
138 9 374
138 6 402
138 8 411
138 3 424
138 4 430
138 5 433
138 10 437
138 1 440
138 1 446
138 10 458
138 7 478
138 4 489
139 4 157
139 4 161
139 9 191
139 10 195
139 5 200
139 5 211
139 5 220
139 3 222
139 7 238
139 7 247
139 4 248
139 5 252
139 4 259
139 5 265
139 7 307
139 4 319
139 6 339
139 6 375
139 5 378
139 8 381
139 10 385
139 10 391
139 4 394
139 5 396
139 10 414
139 7 424
139 4 437
139 7 454
139 6 493
139 7 497
140 3 141
140 1 177
140 3 181
140 4 182
140 5 190
140 4 198
140 10 208
140 2 225
140 3 227
140 2 245
140 2 252
140 3 254
140 7 256
140 3 268
140 1 281
140 3 304
140 5 330
140 9 333
140 9 340
140 10 354
140 10 365
140 10 375
140 4 393
140 3 398
140 6 414
140 9 422
140 8 435
140 6 440
140 8 467
140 7 472
140 8 478
141 1 148
141 5 160
141 2 183
141 6 184
141 8 188
141 5 191
141 3 192
141 2 193
141 10 199
141 10 202
141 8 219
141 2 234
141 10 249
141 10 253
141 2 271
141 3 280
141 4 286
141 7 312
141 8 321
141 1 355
141 10 377
141 10 378
141 4 380
141 9 412
141 4 418
141 3 457
141 2 484
141 10 488
141 7 499
142 7 147
142 7 161
142 2 164
142 2 167
142 4 168
142 2 174
142 7 179
142 1 183
142 7 186
142 9 201
142 9 208
142 7 210
142 4 212
142 9 224
142 1 247
142 3 267
142 7 274
142 10 296
142 6 307
142 5 314
142 8 341
142 1 352
142 5 358
142 7 381
142 8 402
142 6 422
142 6 424
142 4 442
142 5 445
142 2 460
142 3 476
142 8 488
142 9 490
143 7 150
143 3 178
143 9 183
143 4 193
143 5 216
143 2 222
143 4 240
143 5 246
143 9 294
143 7 295
143 5 302
143 7 336
143 4 347
143 2 349
143 2 367
143 7 376
143 4 402
143 10 405
143 6 414
143 4 425
143 2 428
143 5 431
143 8 435
143 9 438
143 5 459
144 5 149
144 5 187
144 3 193
144 5 194
144 10 199
144 9 238
144 8 252
144 7 254
144 6 282
144 7 283
144 1 286
144 4 299
144 1 329
144 6 331
144 2 337
144 10 353
144 9 355
144 1 358
144 5 389
144 2 410
144 4 439
144 7 492
145 4 181
145 6 204
145 10 226
145 5 247
145 4 255
145 1 267
145 5 273
145 9 307
145 2 311
145 4 323
145 6 343
145 10 349
145 6 367
145 3 409
145 3 411
145 6 426
145 6 458
145 1 471
145 7 472
145 8 473
145 6 478
146 1 166
146 10 176
146 3 180
146 9 189
146 2 217
146 10 221
146 10 233
146 10 235
146 1 243
146 5 255
146 6 281
146 8 292
146 8 309
146 7 320
146 2 340
146 3 361
146 10 378
146 9 387
146 3 400
146 1 428
146 5 434
146 1 439
146 1 444
146 4 454
146 1 478
146 6 485
146 4 492
146 6 494
147 2 149
147 9 151
147 7 152
147 3 179
147 9 181
147 6 205
147 4 207
147 5 216
147 7 239
147 9 249
147 3 259
147 3 268
147 3 270
147 5 284
147 1 290
147 9 305
147 1 313
147 4 325
147 1 326
147 10 338
147 3 347
147 6 357
147 8 370
147 8 372
147 4 402
147 8 435
147 2 450
147 3 451
147 6 454
147 7 455
147 3 456
148 3 169
148 10 187
148 2 198
148 6 200
148 8 225
148 7 301
148 10 323
148 5 346
148 4 352
148 1 354
148 1 356
148 1 363
148 5 377
148 4 388
148 5 390
148 2 414
148 6 418
148 7 439
148 2 445
148 8 471
149 4 151
149 8 156
149 1 192
149 5 200
149 2 203
149 10 205
149 5 217
149 9 238
149 7 258
149 1 271
149 10 308
149 6 314
149 7 323
149 7 340
149 4 363
149 8 401
149 3 423
149 1 436
149 4 473
150 8 160
150 10 193
150 1 221
150 7 238
150 2 246
150 2 276
150 5 280
150 1 281
150 5 297
150 9 313
150 2 321
150 10 331
150 3 343
150 4 350
150 3 360
150 9 399
150 6 440
150 2 443
150 4 477
151 6 159
151 8 175
151 2 179
151 6 233
151 10 244
151 10 254
151 5 273
151 6 285
151 6 290
151 1 312
151 3 316
151 6 326
151 2 328
151 3 329
151 9 347
151 7 360
151 9 375
151 6 389
151 4 419
151 10 424
151 9 434
151 5 453
151 2 462
151 4 473
151 1 484
151 9 494
152 6 154
152 2 160
152 2 178
152 8 208
152 10 227
152 3 256
152 2 266
152 9 271
152 9 283
152 7 302
152 7 303
152 4 305
152 9 306
152 2 307
152 1 316
152 7 370
152 8 372
152 5 373
152 7 379
152 6 391
152 8 402
152 6 418
152 2 428
152 4 452
152 8 463
152 2 474
152 6 482
152 7 493
152 6 496
153 6 167
153 9 168
153 10 174
153 10 185
153 9 201
153 6 206
153 4 207
153 10 223
153 5 251
153 6 258
153 1 259
153 3 260
153 10 265
153 1 283
153 9 288
153 4 308
153 9 366
153 9 377
153 1 407
153 10 424
153 4 443
153 9 448
153 7 494
154 9 164
154 2 166
154 7 189
154 8 206
154 4 217
154 1 236
154 8 270
154 5 277
154 8 297
154 6 369
154 9 374
154 6 380
154 10 386
154 4 389
154 7 410
154 10 411
154 2 415
154 2 469
154 10 477
154 6 491
154 2 498
155 5 164
155 1 201
155 6 205
155 5 209
155 3 213
155 3 222
155 5 232
155 10 246
155 2 249
155 10 253
155 9 260
155 3 320
155 2 321
155 8 326
155 9 349
155 4 355
155 1 396
155 9 412
155 2 417
155 9 430
155 3 448
155 9 454
155 1 455
155 10 460
156 5 159
156 3 163
156 3 167
156 9 208
156 4 218
156 6 230
156 6 235
156 3 239
156 9 310
156 8 317
156 6 334
156 9 371
156 9 397
156 2 416
156 7 417
156 5 426
156 5 437
156 1 468
156 6 478
156 8 480
156 7 488
156 7 493
157 5 158
157 1 171
157 1 173
157 10 176
157 4 181
157 10 188
157 6 216
157 7 232
157 9 234
157 3 235
157 3 266
157 4 277
157 2 295
157 10 307
157 6 325
157 1 337
157 10 340
157 1 367
157 2 386
157 7 387
157 7 388
157 10 399
157 5 404
157 10 414
157 3 449
157 10 478
157 6 481
158 2 172
158 5 174
158 5 189
158 4 225
158 5 242
158 9 248
158 9 249
158 4 266
158 6 271
158 4 276
158 2 283
158 3 299
158 7 341
158 9 366
158 9 377
158 10 457
158 1 484
159 7 160
159 1 163
159 3 200
159 9 215
159 9 218
159 5 220
159 9 240
159 3 243
159 6 272
159 3 278
159 3 295
159 7 323
159 8 328
159 3 358
159 6 368
159 7 371
159 10 383
159 8 412
159 6 421
159 6 427
159 10 441
159 10 444
159 8 447
159 5 459
159 4 465
159 7 468
159 4 480
160 10 163
160 5 170
160 3 183
160 3 206
160 2 235
160 5 271
160 8 283
160 9 287
160 2 291
160 1 301
160 9 327
160 2 357
160 6 359
160 2 365
160 5 384
160 1 385
160 1 389
160 10 417
160 1 421
160 6 431
160 8 452
160 1 453
160 7 468
160 10 469
160 5 475
160 7 481
160 3 484
160 3 489
160 3 499
161 5 169
161 4 171
161 4 172
161 6 198
161 4 217
161 5 233
161 4 235
161 3 246
161 7 252
161 2 254
161 1 255
161 2 257
161 7 268
161 4 277
161 7 300
161 1 301
161 6 305
161 8 333
161 7 340
161 1 346
161 2 347
161 4 359
161 7 362
161 6 364
161 4 385
161 1 388
161 7 400
161 2 419
161 4 436
161 4 450
161 7 451
161 9 459
161 10 497
162 4 165
162 7 169
162 2 174
162 7 175
162 6 185
162 9 210
162 5 220
162 2 226
162 10 242
162 5 248
162 8 251
162 7 263
162 5 283
162 8 287
162 5 293
162 4 303
162 8 314
162 1 362
162 6 371
162 4 379
162 1 389
162 5 396
162 1 442
162 4 456
162 10 469
162 1 470
162 10 473
162 7 474
162 10 482
162 3 496
163 1 191
163 3 241
163 2 254
163 6 257
163 7 258
163 7 267
163 3 275
163 5 305
163 6 368
163 9 380
163 3 447
163 10 452
163 7 496
164 4 168
164 4 173
164 7 211
164 2 214
164 5 225
164 7 228
164 9 232
164 9 247
164 5 254
164 2 274
164 8 285
164 1 300
164 6 305
164 1 309
164 2 320
164 7 325
164 8 326
164 8 333
164 6 339
164 2 346
164 7 347
164 1 357
164 3 373
164 5 385
164 7 400
164 5 401
164 6 409
164 7 415
164 1 421
164 1 447
164 4 457
164 4 464
164 9 476
164 3 489
165 7 173
165 7 209
165 7 216
165 10 221
165 8 232
165 7 242
165 1 302
165 10 321
165 8 342
165 8 348
165 2 351
165 6 357
165 10 364
165 3 367
165 4 385
165 7 394
165 1 397
165 10 402
165 9 420
165 7 440
165 5 451
165 5 453
165 3 464
165 1 466
165 3 486
165 8 489
165 5 490
165 3 494
166 9 187
166 7 207
166 5 213
166 4 222
166 8 232
166 3 240
166 8 260
166 5 263
166 7 272
166 6 274
166 10 312
166 6 316
166 9 325
166 10 335
166 10 353
166 2 368
166 8 375
166 6 376
166 5 379
166 6 386
166 1 394
166 6 421
166 2 426
166 5 428
166 3 445
166 1 456
166 7 457
166 8 458
166 4 459
166 5 476
166 5 480
166 4 487
167 9 174
167 8 186
167 2 192
167 3 252
167 3 256
167 4 270
167 2 285
167 2 329
167 4 376
167 9 390
167 8 401
167 8 428
167 9 438
167 9 440
167 2 452
167 1 454
167 2 456
167 7 465
167 2 467
167 9 476
167 3 494
168 9 170
168 3 175
168 4 184
168 6 190
168 9 193
168 5 215
168 10 249
168 2 283
168 6 297
168 8 306
168 7 316
168 8 327
168 8 333
168 8 335
168 4 342
168 3 377
168 2 379
168 2 383
168 3 388
168 9 416
168 5 436
168 8 441
168 2 458
168 5 480
168 4 488
168 6 489
168 1 491
168 2 497
169 3 175
169 8 177
169 3 180
169 3 198
169 3 205
169 4 223
169 1 228
169 4 239
169 5 261
169 10 267
169 1 291
169 5 306
169 2 315
169 8 324
169 10 340
169 3 370
169 10 371
169 9 388
169 3 414
169 4 421
169 8 433
169 1 442
169 9 443
169 8 457
169 8 481
169 3 486
169 9 496
170 8 180
170 2 182
170 9 186
170 10 200
170 10 232
170 8 240
170 4 254
170 5 255
170 1 311
170 6 319
170 5 321
170 9 363
170 7 367
170 5 383
170 4 418
170 3 431
170 2 441
170 9 480
170 6 483
170 3 493
170 2 496
171 1 179
171 9 180
171 8 215
171 9 255
171 2 261
171 8 262
171 2 263
171 2 268
171 2 292
171 4 294
171 10 301
171 10 312
171 1 323
171 10 332
171 4 347
171 8 358
171 2 361
171 5 363
171 9 374
171 8 386
171 6 389
171 9 413
171 10 418
171 2 427
171 3 477
171 5 496
172 3 232
172 7 234
172 8 235
172 2 236
172 2 239
172 2 243
172 6 262
172 8 273
172 6 274
172 5 276
172 10 283
172 3 315
172 3 325
172 1 329
172 9 332
172 5 344
172 6 347
172 6 350
172 8 385
172 9 390
172 8 395
172 2 412
172 10 425
172 5 427
172 3 433
172 4 443
172 10 445
172 1 452
172 1 489
172 3 491
173 3 184
173 9 205
173 10 213
173 2 214
173 8 224
173 5 242
173 10 250
173 4 263
173 5 280
173 9 285
173 5 292
173 3 293
173 2 310
173 6 327
173 8 341
173 4 342
173 2 347
173 10 356
173 5 364
173 1 366
173 7 429
173 3 459
173 1 471
173 4 478
173 8 482
174 10 175
174 6 180
174 9 194
174 8 196
174 9 197
174 9 207
174 10 210
174 4 239
174 9 246
174 5 248
174 1 249
174 3 257
174 5 277
174 3 302
174 7 306
174 3 315
174 6 324
174 8 334
174 4 335
174 7 343
174 7 344
174 5 348
174 6 355
174 1 356
174 10 357
174 8 367
174 1 373
174 4 380
174 7 421
174 4 438
174 2 450
174 6 461
174 6 478
174 3 482
174 5 486
175 4 186
175 9 204
175 9 209
175 3 210
175 10 213
175 3 222
175 1 231
175 6 259
175 5 270
175 1 301
175 10 325
175 8 329
175 4 334
175 10 336
175 1 376
175 8 402
175 9 404
175 6 407
175 9 428
175 3 449
175 10 481
175 2 494
176 10 177
176 7 178
176 10 188
176 5 203
176 7 221
176 3 229
176 6 235
176 2 255
176 2 261
176 9 262
176 1 272
176 1 273
176 3 279
176 10 295
176 3 301
176 1 319
176 10 345
176 2 349
176 4 351
176 3 368
176 4 379
176 10 381
176 4 400
176 8 402
176 7 403
176 3 413
176 7 414
176 4 422
176 4 423
176 10 434
176 2 446
176 2 482
177 3 178
177 6 186
177 9 190
177 8 192
177 8 222
177 4 227
177 1 234
177 6 235
177 1 237
177 6 246
177 8 253
177 7 263
177 2 264
177 4 275
177 5 286
177 6 300
177 5 302
177 7 309
177 1 335
177 4 340
177 6 351
177 5 374
177 10 384
177 1 389
177 6 406
177 6 411
177 9 414
177 2 428
177 1 430
177 9 437
177 4 439
177 3 444
177 9 455
177 6 461
177 5 497
178 6 192
178 6 198
178 8 209
178 6 237
178 4 247
178 3 255
178 6 265
178 1 271
178 1 282
178 8 283
178 6 310
178 7 359
178 10 379
178 9 380
178 5 394
178 7 395
178 5 405
178 7 409
178 6 414
178 8 429
178 7 448
178 7 480
178 1 494
179 10 182
179 6 195
179 6 201
179 8 213
179 9 214
179 10 223
179 9 273
179 8 276
179 1 277
179 6 295
179 6 303
179 8 345
179 2 364
179 4 377
179 6 401
179 8 418
179 2 432
179 9 443
179 8 462
179 4 465
179 8 467
179 8 476
179 8 477
179 3 493
180 2 181
180 10 184
180 10 191
180 1 229
180 9 235
180 10 242
180 6 243
180 2 260
180 7 271
180 1 273
180 2 280
180 8 319
180 3 327
180 5 329
180 2 355
180 10 360
180 5 367
180 1 370
180 2 384
180 4 435
180 10 442
180 9 452
180 6 488
181 8 193
181 10 242
181 2 262
181 3 271
181 4 279
181 9 289
181 10 292
181 5 302
181 4 313
181 2 317
181 8 325
181 5 329
181 4 345
181 6 354
181 7 356
181 4 362
181 10 390
181 9 396
181 4 415
181 3 419
181 6 429
181 8 448
181 3 456
181 7 466
181 8 482
181 9 487
181 2 494
182 10 186
182 2 193
182 7 209
182 10 212
182 7 219
182 3 246
182 4 282
182 10 285
182 7 288
182 2 340
182 5 358
182 2 360
182 3 361
182 2 372
182 8 425
182 9 433
182 1 462
182 5 482
182 1 485
182 5 491
183 3 191
183 2 201
183 1 212
183 8 216
183 9 242
183 2 245
183 8 252
183 5 259
183 2 262
183 9 264
183 4 267
183 10 279
183 4 289
183 9 300
183 9 332
183 7 339
183 7 340
183 3 366
183 10 386
183 3 387
183 2 394
183 7 402
183 6 440
183 1 470
183 8 474
183 7 477
183 8 484
183 9 486
184 9 216
184 3 217
184 8 221
184 1 224
184 4 233
184 6 248
184 5 254
184 9 284
184 1 289
184 8 293
184 5 301
184 4 306
184 10 316
184 2 354
184 8 357
184 4 361
184 2 363
184 6 370
184 6 387
184 4 400
184 9 450
184 7 455
184 2 457
184 10 492
184 10 499
185 6 214
185 5 216
185 3 247
185 5 248
185 10 257
185 1 276
185 1 281
185 10 287
185 5 290
185 3 292
185 10 293
185 5 308
185 6 355
185 4 358
185 8 380
185 2 440
185 9 449
185 8 481
185 10 494
186 10 213
186 5 269
186 1 289
186 5 305
186 3 311
186 5 326
186 8 355
186 5 367
186 2 381
186 5 386
186 6 392
186 8 400
186 3 413
186 8 414
186 6 417
186 5 426
186 2 432
186 5 433
186 10 440
186 1 447
186 10 458
186 2 460
186 7 470
186 9 479
186 1 483
187 1 212
187 3 234
187 2 236
187 6 239
187 3 244
187 10 268
187 6 290
187 8 296
187 9 304
187 8 320
187 9 347
187 7 408
187 7 412
187 6 422
187 5 436
187 8 438
187 6 439
187 10 442
187 5 444
187 8 449
187 1 452
187 6 465
187 5 466
187 8 476
187 8 496
187 10 497
188 8 193
188 1 212
188 5 227
188 3 233
188 9 245
188 10 281
188 4 291
188 3 299
188 1 302
188 4 305
188 4 314
188 9 342
188 5 354
188 7 361
188 6 376
188 5 380
188 5 389
188 1 402
188 8 406
188 4 411
188 5 437
188 9 443
188 5 444
188 2 449
188 10 474
188 7 488
188 10 499
189 2 204
189 8 205
189 3 224
189 3 228
189 6 234
189 2 235
189 3 246
189 6 254
189 9 261
189 5 269
189 4 289
189 3 303
189 2 307
189 7 316
189 9 317
189 5 318
189 5 344
189 10 350
189 9 372
189 10 378
189 1 395
189 9 409
189 8 422
189 5 432
189 4 434
189 4 440
189 3 441
189 10 444
189 8 459
189 8 467
189 5 469
189 3 472
190 2 199
190 7 234
190 3 237
190 6 238
190 3 256
190 10 290
190 8 292
190 10 293
190 2 325
190 7 332
190 10 336
190 4 342
190 5 364
190 5 389
190 1 411
190 7 430
190 9 434
190 7 445
190 2 447
190 6 449
190 4 464
190 8 468
191 3 194
191 1 196
191 5 216
191 8 241
191 10 246
191 4 247
191 8 254
191 4 263
191 2 290
191 6 308
191 2 325
191 7 343
191 10 351
191 3 364
191 2 397
191 6 411
191 1 489
191 8 496
192 7 212
192 3 229
192 3 246
192 4 249
192 7 254
192 8 304
192 9 309
192 1 319
192 1 324
192 4 343
192 10 345
192 5 353
192 9 375
192 2 376
192 8 379
192 5 384
192 10 389
192 3 413
192 1 437
192 2 445
192 10 450
192 10 466
192 8 479
193 7 220
193 9 229
193 9 276
193 8 289
193 4 295
193 5 311
193 6 319
193 4 328
193 1 349
193 1 350
193 9 360
193 7 365
193 4 367
193 3 373
193 6 387
193 9 392
193 6 403
193 6 412
193 5 413
193 8 435
193 4 466
193 9 490
193 1 493
194 3 195
194 2 204
194 4 209
194 3 218
194 9 248
194 4 257
194 10 262
194 9 290
194 4 292
194 1 308
194 2 338
194 4 379
194 7 392
194 4 396
194 7 397
194 9 403
194 6 416
194 4 432
194 7 456
194 3 461
194 9 464
195 5 212
195 5 236
195 4 246
195 10 267
195 9 276
195 6 290
195 10 291
195 1 293
195 1 314
195 9 336
195 2 341
195 7 343
195 2 352
195 5 354
195 9 362
195 4 373
195 1 411
195 2 416
195 1 427
195 2 438
195 7 442
195 4 456
195 10 460
195 1 481
195 10 485
195 4 489
196 2 200
196 5 216
196 3 218
196 5 239
196 3 249
196 5 263
196 7 273
196 10 277
196 9 289
196 8 290
196 10 311
196 1 315
196 8 321
196 2 331
196 3 347
196 6 353
196 3 363
196 4 398
196 4 404
196 1 424
196 9 438
196 7 441
196 9 451
196 6 456
196 2 461
196 2 466
196 5 484
196 2 489
197 7 202
197 7 211
197 5 227
197 2 238
197 8 251
197 1 254
197 8 259
197 2 261
197 1 266
197 6 278
197 9 285
197 8 294
197 9 298
197 8 300
197 5 307
197 2 325
197 4 350
197 2 363
197 8 381
197 7 385
197 3 393
197 4 417
197 9 418
197 3 419
197 8 464
197 7 485
197 10 497
198 1 215
198 9 216
198 10 222
198 2 254
198 8 286
198 9 292
198 5 302
198 4 305
198 1 316
198 7 326
198 10 333
198 2 334
198 10 349
198 1 353
198 2 354
198 10 365
198 10 380
198 1 399
198 9 411
198 5 426
198 4 442
198 4 451
198 5 466
198 5 468
198 1 472
199 7 200
199 6 208
199 4 212
199 8 214
199 6 238
199 7 241
199 2 247
199 9 258
199 5 262
199 8 276
199 2 306
199 2 317
199 4 367
199 6 372
199 1 403
199 1 408
199 4 421
199 1 428
199 6 429
199 1 434
199 8 440
199 10 456
199 7 474
199 10 477
199 9 494
200 5 206
200 6 209
200 10 223
200 2 232
200 5 238
200 6 240
200 3 245
200 10 246
200 1 258
200 1 262
200 3 312
200 2 318
200 6 340
200 4 349
200 10 378
200 5 385
200 10 414
200 10 416
200 1 421
200 3 435
200 6 447
201 4 203
201 5 204
201 6 216
201 7 241
201 1 249
201 1 251
201 8 257
201 7 259
201 5 270
201 3 272
201 2 277
201 8 314
201 1 323
201 9 330
201 3 351
201 10 363
201 1 383
201 10 403
201 1 448
201 1 454
201 9 456
201 6 479
201 5 480
201 2 483
201 9 486
201 3 487
201 6 490
201 7 491
202 10 204
202 9 205
202 8 216
202 8 226
202 2 236
202 3 238
202 7 250
202 3 254
202 7 274
202 9 301
202 7 310
202 4 326
202 8 362
202 7 371
202 4 378
202 7 387
202 9 428
202 3 444
202 2 451
202 2 454
202 6 473
202 8 495
203 5 231
203 7 234
203 6 239
203 3 244
203 8 260
203 8 261
203 10 262
203 8 264
203 2 284
203 7 322
203 7 324
203 10 329
203 8 337
203 8 341
203 1 348
203 8 358
203 3 362
203 7 376
203 1 403
203 9 415
203 7 423
203 10 424
203 9 437
203 10 456
203 3 460
203 5 481
203 2 498
204 3 218
204 6 226
204 5 240
204 3 282
204 9 294
204 10 297
204 10 298
204 10 307
204 4 309
204 10 314
204 1 315
204 6 333
204 7 335
204 4 348
204 10 359
204 6 381
204 8 383
204 8 411
204 9 421
204 9 442
204 4 454
204 9 476
204 10 491
204 10 494
205 1 224
205 10 237
205 9 264
205 5 269
205 8 270
205 6 279
205 6 307
205 7 316
205 1 325
205 6 332
205 5 341
205 10 366
205 9 371
205 9 386
205 10 392
205 3 398
205 7 404
205 1 413
205 6 421
205 9 425
205 8 463
205 3 469
205 6 478
205 6 488
206 9 212
206 5 224
206 9 233
206 3 253
206 1 257
206 2 260
206 4 267
206 5 269
206 7 277
206 6 284
206 4 297
206 8 298
206 4 301
206 10 304
206 5 305
206 7 322
206 9 332
206 8 352
206 5 358
206 8 372
206 10 379
206 8 406
206 7 423
206 5 425
206 2 431
206 2 444
206 3 461
206 7 486
207 1 256
207 4 260
207 3 262
207 5 280
207 3 283
207 10 297
207 7 313
207 4 330
207 2 346
207 4 381
207 3 386
207 3 408
207 8 424
207 3 438
207 9 447
207 8 453
207 10 460
207 9 465
207 4 468
207 9 472
207 3 477
207 10 483
207 7 490
207 7 498
208 9 209
208 6 220
208 9 223
208 5 280
208 5 283
208 10 293
208 1 302
208 5 317
208 6 333
208 5 347
208 9 357
208 6 358
208 6 368
208 4 376
208 1 390
208 4 403
208 9 423
208 2 431
208 6 432
208 1 445
208 7 446
208 8 477
208 5 495
208 6 498
209 9 219
209 9 234
209 2 255
209 7 259
209 2 261
209 5 275
209 4 284
209 5 348
209 5 351
209 8 355
209 4 360
209 2 363
209 4 373
209 4 375
209 10 377
209 2 379
209 5 415
209 2 427
209 8 436
209 5 439
209 10 444
209 5 457
209 3 460
209 7 488
209 2 493
209 4 498
210 7 214
210 9 218
210 6 220
210 5 224
210 2 236
210 3 261
210 3 277
210 9 285
210 8 287
210 1 290
210 10 301
210 7 310
210 5 316
210 9 325
210 7 334
210 3 335
210 10 342
210 2 360
210 10 373
210 6 377
210 5 394
210 3 413
210 4 415
210 3 419
210 2 432
210 4 439
210 4 461
210 5 468
210 8 470
210 3 485
210 9 491
211 6 216
211 7 236
211 6 244
211 3 245
211 1 264
211 1 271
211 10 287
211 9 322
211 1 336
211 1 344
211 8 356
211 3 379
211 7 382
211 10 399
211 5 408
211 5 411
211 5 436
211 7 457
211 8 459
211 1 468
211 4 473
211 6 477
211 9 492
212 3 245
212 5 246
212 8 257
212 1 293
212 3 295
212 6 304
212 7 326
212 7 327
212 4 341
212 8 351
212 3 396
212 6 399
212 9 425
212 8 443
212 3 444
212 2 460
212 4 465
212 5 490
213 8 232
213 5 243
213 4 246
213 5 260
213 10 277
213 4 288
213 8 292
213 1 298
213 4 301
213 6 310
213 9 335
213 7 337
213 7 349
213 3 354
213 4 381
213 3 396
213 5 462
213 2 468
214 1 215
214 10 219
214 3 242
214 5 300
214 6 331
214 6 344
214 3 353
214 6 394
214 4 395
214 10 405
214 8 412
214 9 414
214 6 417
214 5 439
214 3 444
214 3 451
214 4 460
214 1 468
214 2 492
214 4 494
215 9 218
215 4 235
215 3 259
215 1 301
215 5 310
215 5 321
215 8 323
215 10 341
215 5 369
215 5 375
215 9 412
215 6 421
215 5 423
215 6 428
215 9 444
215 3 445
215 2 456
215 6 483
215 1 487
215 7 491
215 6 493
216 1 253
216 3 269
216 9 280
216 5 299
216 10 306
216 2 315
216 9 319
216 9 321
216 2 325
216 7 336
216 4 350
216 1 352
216 4 361
216 1 376
216 5 405
216 7 410
216 10 414
216 5 426
216 8 444
216 10 446
216 1 452
216 8 453
216 10 455
216 2 487
216 10 490
216 2 492
217 5 231
217 7 234
217 6 252
217 2 268
217 3 272
217 6 281
217 1 303
217 9 305
217 2 308
217 3 398
217 2 406
217 1 445
217 3 447
217 9 458
217 1 467
217 1 482
217 8 484
218 3 225
218 6 235
218 1 240
218 10 260
218 5 297
218 7 299
218 1 307
218 2 312
218 6 335
218 8 337
218 9 363
218 3 380
218 3 391
218 1 393
218 3 403
218 9 432
218 5 440
218 4 443
218 7 460
218 5 469
218 10 483
218 5 484
218 10 496
219 4 235
219 3 240
219 6 243
219 9 252
219 4 261
219 3 277
219 9 281
219 1 300
219 2 303
219 7 304
219 7 368
219 7 408
219 1 426
219 4 428
219 10 441
219 8 446
219 7 455
219 9 464
219 5 467
219 10 482
219 2 489
219 6 493
220 5 224
220 7 226
220 8 229
220 10 234
220 4 237
220 10 255
220 1 256
220 9 286
220 8 288
220 9 291
220 5 319
220 10 324
220 10 330
220 7 331
220 9 342
220 5 346
220 4 354
220 10 371
220 3 372
220 9 382
220 3 396
220 2 404
220 4 408
220 5 414
220 6 425
220 6 451
220 3 457
220 7 470
220 10 481
220 7 489
220 9 491
221 10 232
221 4 242
221 9 292
221 2 306
221 10 307
221 8 326
221 5 350
221 1 383
221 4 410
221 4 447
221 10 449
221 2 450
221 2 452
222 4 242
222 2 251
222 1 283
222 4 287
222 7 294
222 1 330
222 7 341
222 7 355
222 7 356
222 7 375
222 10 385
222 6 404
222 6 409
222 6 425
222 9 434
222 3 446
222 7 447
222 9 455
222 1 471
222 7 486
223 1 227
223 1 238
223 9 258
223 5 260
223 3 283
223 2 287
223 8 301
223 1 323
223 1 324
223 5 329
223 5 340
223 9 341
223 5 348
223 9 358
223 4 376
223 3 382
223 10 432
223 9 458
223 8 471
223 3 473
223 10 485
223 5 495
224 4 226
224 6 229
224 4 232
224 1 247
224 2 252
224 1 254
224 9 269
224 6 288
224 9 293
224 7 294
224 8 308
224 4 312
224 1 315
224 7 325
224 3 327
224 3 336
224 3 349
224 1 358
224 8 377
224 1 381
224 1 386
224 7 394
224 2 400
224 1 407
224 1 418
224 10 422
224 4 436
224 6 449
224 2 459
224 7 465
225 5 255
225 6 257
225 2 281
225 6 285
225 3 286
225 5 290
225 1 315
225 1 335
225 4 339
225 8 342
225 3 345
225 3 356
225 9 358
225 7 361
225 2 362
225 1 390
225 9 403
225 4 444
225 8 467
225 2 472
226 8 253
226 10 265
226 2 276
226 8 287
226 2 349
226 7 354
226 3 358
226 7 367
226 8 373
226 4 375
226 3 378
226 6 381
226 8 388
226 4 395
226 1 428
226 1 438
226 6 455
226 7 460
226 6 465
226 5 469
226 1 474
226 6 479
226 8 480
226 9 487
226 2 488
227 1 228
227 9 233
227 1 267
227 6 276
227 8 279
227 7 285
227 1 286
227 4 288
227 7 289
227 1 298
227 1 309
227 7 324
227 3 339
227 9 347
227 1 367
227 3 385
227 10 400
227 6 402
227 8 418
227 1 419
227 1 427
227 7 430
227 1 471
227 7 474
227 6 483
227 6 493
227 1 494
228 5 229
228 2 264
228 7 265
228 8 275
228 8 280
228 9 282
228 2 302
228 8 306
228 8 324
228 2 331
228 8 381
228 10 395
228 3 401
228 10 411
228 2 412
228 8 424
228 9 454
228 9 457
229 9 245
229 4 250
229 5 251
229 6 257
229 1 260
229 7 261
229 2 344
229 4 346
229 4 393
229 1 408
229 6 411
229 10 418
229 5 422
229 2 440
229 3 447
229 9 450
229 9 453
229 2 466
229 1 469
229 10 498
230 2 257
230 10 294
230 9 303
230 3 314
230 2 333
230 2 344
230 1 387
230 4 428
230 8 431
230 5 439
230 8 450
230 2 455
230 1 457
230 5 459
230 4 472
231 5 235
231 4 255
231 1 263
231 4 291
231 1 311
231 9 321
231 7 352
231 5 387
231 2 444
231 7 449
231 2 451
231 5 480
231 5 482
232 1 235
232 6 243
232 6 288
232 3 291
232 4 305
232 9 310
232 5 311
232 3 327
232 5 367
232 5 371
232 2 383
232 6 385
232 8 396
232 6 410
232 5 461
232 1 469
232 7 480
232 1 484
233 6 247
233 9 250
233 6 258
233 5 299
233 3 311
233 6 341
233 1 362
233 9 368
233 2 370
233 9 377
233 3 380
233 6 386
233 10 388
233 7 389
233 1 393
233 2 406
233 4 410
233 8 414
233 7 426
233 4 438
233 3 459
233 3 461
233 7 462
233 2 487
234 4 247
234 2 258
234 8 259
234 4 260
234 6 265
234 3 270
234 3 312
234 3 315
234 9 317
234 10 352
234 6 368
234 5 382
234 1 408
234 2 426
234 4 443
234 10 464
234 3 465
234 3 487
234 5 493
235 3 237
235 5 250
235 9 264
235 3 273
235 1 274
235 5 278
235 4 285
235 9 293
235 2 295
235 4 304
235 1 313
235 4 314
235 5 330
235 4 353
235 9 359
235 8 362
235 7 365
235 7 395
235 5 432
235 8 440
235 3 449
235 7 463
235 7 469
235 2 482
236 3 249
236 3 257
236 3 270
236 8 273
236 3 300
236 1 309
236 4 326
236 5 332
236 9 342
236 1 371
236 6 405
236 8 409
236 3 410
236 9 419
236 5 427
236 7 444
236 8 446
236 9 475
236 3 478
236 2 483
236 10 491
236 6 498
237 2 249
237 6 255
237 2 261
237 3 283
237 10 303
237 7 306
237 9 311
237 10 316
237 8 348
237 2 380
237 1 385
237 3 386
237 1 399
237 2 404
237 1 483
238 3 247
238 6 261
238 9 279
238 5 293
238 5 309
238 1 323
238 3 341
238 5 342
238 2 347
238 3 430
238 6 438
238 2 441
238 10 460
238 2 464
238 10 471
238 6 472
238 9 480
238 6 493
239 10 262
239 1 303
239 2 342
239 9 345
239 3 368
239 10 370
239 1 374
239 8 375
239 10 401
239 8 402
239 10 407
239 5 432
239 7 444
239 8 446
239 1 448
239 1 457
239 2 485
239 6 486
239 10 490
239 7 498
240 7 245
240 3 281
240 6 291
240 9 295
240 3 327
240 2 330
240 10 358
240 3 367
240 2 391
240 1 425
240 7 432
240 8 437
240 6 451
240 1 456
240 10 463
240 9 467
240 1 468
240 1 489
241 7 242
241 7 244
241 7 246
241 5 266
241 10 269
241 3 275
241 3 285
241 1 288
241 5 297
241 8 315
241 5 355
241 10 373
241 3 391
241 2 392
241 4 399
241 6 416
241 4 430
241 10 433
241 1 437
241 4 446
241 8 451
241 3 459
241 2 470
241 5 473
241 3 492
242 5 250
242 10 252
242 4 277
242 3 283
242 2 306
242 5 310
242 3 313
242 8 323
242 7 330
242 7 359
242 5 361
242 6 384
242 8 387
242 5 390
242 2 413
242 7 423
242 7 428
243 4 246
243 2 255
243 5 262
243 1 273
243 6 288
243 7 296
243 7 306
243 7 315
243 3 318
243 8 350
243 1 360
243 6 372
243 6 376
243 2 387
243 10 394
243 6 398
243 6 406
243 7 424
243 10 427
243 6 428
243 9 429
243 3 440
243 10 445
243 5 447
243 1 454
243 3 455
243 10 471
243 7 483
243 7 491
243 9 495
244 4 251
244 2 271
244 1 289
244 2 292
244 10 298
244 10 312
244 8 314
244 5 316
244 9 345
244 6 352
244 5 354
244 10 357
244 9 375
244 3 377
244 3 385
244 4 399
244 7 436
244 5 448
244 5 449
244 6 488
244 9 489
244 9 493
245 1 295
245 2 327
245 3 332
245 10 355
245 4 366
245 9 367
245 7 370
245 4 374
245 10 381
245 9 384
245 4 387
245 10 391
245 1 404
245 7 409
245 8 451
245 10 480
245 9 484
246 1 286
246 6 291
246 1 317
246 5 323
246 7 326
246 2 327
246 6 338
246 1 348
246 6 349
246 2 357
246 9 383
246 1 385
246 5 391
246 1 394
246 3 406
246 7 412
246 5 420
246 2 446
246 5 449
246 8 470
246 2 481
246 10 484
247 10 251
247 4 262
247 6 268
247 5 282
247 7 292
247 7 339
247 6 353
247 4 360
247 6 361
247 2 365
247 3 370
247 7 372
247 10 373
247 1 414
247 3 417
247 9 430
247 8 456
247 9 475
247 5 481
247 4 489
247 2 495
248 4 250
248 7 268
248 4 269
248 3 277
248 6 297
248 4 324
248 3 339
248 2 352
248 7 355
248 8 392
248 6 395
248 8 400
248 4 411
248 9 431
248 9 436
248 7 494
249 2 260
249 10 275
249 7 306
249 1 308
249 4 309
249 9 315
249 4 316
249 9 337
249 2 370
249 9 374
249 6 400
249 3 407
249 5 421
249 9 444
249 4 462
249 7 484
249 5 489
249 3 492
250 5 263
250 1 267
250 2 282
250 9 294
250 9 305
250 5 349
250 4 367
250 7 369
250 8 386
250 6 417
250 3 426
250 3 427
250 6 436
250 5 442
250 4 446
250 7 451
250 7 455
250 10 486
251 4 263
251 10 269
251 10 296
251 9 299
251 9 308
251 10 347
251 2 349
251 2 362
251 5 373
251 1 381
251 2 393
251 1 441
251 3 442
251 4 451
251 9 459
251 5 471
251 8 477
251 8 492
252 10 256
252 3 306
252 1 308
252 9 329
252 3 333
252 10 353
252 3 361
252 5 379
252 4 387
252 6 432
252 7 438
252 9 463
252 2 471
252 3 487
252 5 496
252 4 498
253 6 266
253 10 280
253 4 282
253 5 300
253 8 302
253 9 308
253 8 323
253 4 333
253 8 345
253 8 349
253 5 357
253 1 365
253 4 370
253 2 373
253 3 398
253 9 416
253 8 421
253 1 425
253 10 434
253 10 449
253 10 457
254 10 265
254 4 266
254 2 280
254 2 322
254 5 326
254 3 356
254 4 387
254 2 393
254 5 397
254 10 398
254 6 400
254 7 405
254 10 417
254 2 448
254 5 452
254 1 459
254 5 467
254 6 470
254 2 478
254 2 488
254 10 493
254 9 496
255 3 283
255 3 294
255 8 295
255 9 309
255 3 360
255 10 361
255 9 363
255 3 378
255 2 395
255 6 400
255 10 410
255 10 433
255 3 471
255 5 494
255 1 496
255 2 497
255 5 498
256 3 257
256 6 258
256 1 301
256 6 302
256 8 335
256 2 344
256 2 361
256 2 385
256 5 420
256 7 435
256 9 447
256 5 458
256 2 463
256 5 471
256 7 473
256 6 475
256 2 480
256 2 486
256 3 496
257 7 291
257 7 296
257 8 299
257 2 314
257 9 315
257 3 323
257 9 328
257 3 330
257 2 345
257 3 378
257 7 385
257 5 405
257 5 417
257 1 437
257 4 442
257 8 454
257 10 459
257 3 460
257 4 480
257 6 486
258 10 281
258 8 285
258 3 303
258 7 304
258 3 319
258 6 382
258 2 420
258 8 435
258 3 464
258 2 482
258 10 486
259 3 281
259 9 328
259 6 331
259 10 338
259 6 358
259 1 402
259 9 407
259 8 413
259 4 417
259 1 428
259 9 434
259 9 454
259 2 458
259 4 460
259 9 477
259 2 484
259 4 489
260 1 286
260 3 290
260 1 306
260 10 316
260 7 320
260 7 322
260 7 336
260 6 349
260 10 365
260 4 370
260 4 387
260 4 396
260 4 401
260 9 420
260 5 431
260 10 454
260 1 467
260 2 469
260 5 491
260 4 499
261 3 262
261 3 265
261 2 281
261 4 282
261 5 296
261 10 342
261 9 350
261 8 358
261 9 371
261 1 372
261 2 392
261 6 400
261 2 419
261 2 421
261 10 423
261 3 425
261 6 461
261 2 469
261 2 476
261 4 490
261 3 496
262 9 267
262 9 275
262 3 287
262 10 288
262 4 300
262 1 346
262 2 365
262 9 377
262 5 407
262 10 424
262 9 441
262 2 443
262 2 472
263 2 266
263 4 297
263 10 328
263 3 336
263 1 348
263 3 356
263 9 360
263 5 385
263 1 410
263 7 422
263 10 430
263 8 461
263 3 473
263 2 477
263 2 494
264 4 277
264 7 279
264 5 286
264 7 291
264 5 299
264 2 301
264 2 308
264 6 317
264 8 318
264 3 321
264 2 352
264 1 362
264 9 364
264 5 369
264 3 383
264 4 385
264 8 392
264 4 402
264 1 407
264 2 415
264 4 421
264 2 426
264 4 452
264 2 461
265 10 284
265 9 286
265 8 287
265 10 295
265 6 301
265 8 320
265 6 328
265 3 331
265 5 354
265 3 388
265 1 404
265 1 420
265 4 427
265 3 449
265 10 470
265 1 486
266 6 290
266 9 308
266 3 322
266 1 325
266 3 330
266 10 334
266 3 338
266 9 356
266 10 358
266 2 389
266 2 421
266 6 427
266 5 428
266 2 453
266 8 464
266 3 475
266 8 490
267 5 330
267 8 350
267 7 352
267 7 354
267 9 359
267 9 365
267 7 393
267 1 401
267 8 480
268 1 278
268 8 291
268 2 304
268 8 309
268 4 347
268 8 356
268 10 363
268 3 367
268 6 388
268 6 393
268 9 395
268 3 411
268 10 430
268 3 458
268 4 459
268 2 463
268 9 485
268 1 488
268 9 493
268 10 494
269 9 276
269 6 277
269 9 290
269 9 324
269 10 338
269 7 359
269 5 362
269 8 366
269 3 393
269 7 419
269 1 426
269 5 429
269 1 439
269 9 462
270 8 301
270 1 305
270 2 311
270 5 321
270 3 328
270 10 358
270 2 377
270 7 386
270 5 403
270 8 408
270 7 423
270 7 431
270 7 432
270 4 447
270 7 459
270 5 475
270 2 490
270 5 492
271 5 280
271 9 292
271 10 299
271 4 302
271 5 353
271 7 370
271 5 375
271 1 398
271 7 409
271 7 415
271 3 416
271 9 425
271 6 429
271 9 432
271 3 446
271 4 458
271 4 466
271 3 486
271 9 489
272 3 296
272 10 301
272 7 325
272 4 347
272 5 352
272 2 370
272 10 385
272 1 387
272 1 395
272 10 419
272 2 439
272 6 499
273 1 276
273 1 279
273 6 280
273 2 285
273 9 305
273 4 314
273 6 329
273 8 333
273 2 352
273 5 381
273 6 391
273 8 408
273 9 411
273 7 437
273 4 449
273 4 459
273 4 494
274 6 275
274 3 307
274 1 309
274 7 312
274 1 316
274 9 319
274 6 322
274 10 340
274 1 342
274 6 358
274 10 371
274 5 374
274 9 392
274 5 401
274 3 423
274 1 433
274 8 447
274 7 449
274 10 478
274 8 496
275 7 296
275 5 299
275 1 322
275 5 325
275 5 342
275 9 374
275 1 390
275 6 404
275 3 416
275 10 426
275 9 441
275 10 445
275 2 450
275 2 453
275 8 466
275 10 473
275 2 474
275 7 493
275 2 495
275 2 499
276 5 285
276 9 308
276 3 324
276 4 327
276 9 329
276 1 339
276 4 347
276 8 355
276 9 356
276 10 365
276 6 371
276 7 379
276 2 385
276 7 405
276 2 410
276 1 442
276 5 486
277 2 292
277 3 302
277 4 317
277 2 324
277 7 328
277 2 330
277 8 332
277 3 354
277 6 375
277 4 403
277 3 407
277 1 415
277 7 425
277 3 437
277 7 466
277 3 472
277 4 479
278 5 310
278 9 318
278 7 328
278 5 352
278 4 361
278 7 375
278 7 383
278 3 396
278 7 404
278 9 412
278 10 415
278 9 431
278 3 448
278 9 452
278 5 492
278 7 497
279 5 302
279 8 361
279 9 365
279 4 371
279 1 386
279 7 395
279 3 396
279 10 409
279 7 417
279 8 423
279 2 438
279 5 441
279 10 472
279 5 474
279 5 475
279 6 478
279 7 484
279 5 498
280 8 308
280 2 322
280 9 330
280 10 348
280 5 353
280 5 355
280 7 366
280 8 371
280 3 374
280 5 377
280 8 378
280 10 388
280 4 390
280 10 431
280 2 433
280 4 436
280 3 442
281 5 283
281 4 306
281 5 317
281 6 318
281 1 330
281 9 339
281 1 367
281 6 384
281 7 398
281 3 407
281 4 420
281 8 426
281 3 441
281 1 446
281 9 449
281 7 454
281 8 456
281 2 471
281 6 497
281 1 499
282 1 299
282 8 319
282 5 333
282 5 336
282 3 360
282 3 377
282 9 379
282 7 402
282 1 403
282 9 416
282 3 434
282 4 454
282 2 466
282 2 467
282 9 476
282 8 483
282 2 489
283 6 309
283 9 313
283 6 316
283 2 325
283 9 334
283 2 355
283 9 373
283 7 377
283 4 402
283 8 412
283 10 426
283 3 457
283 10 487
283 3 498
284 2 294
284 7 320
284 9 325
284 4 326
284 7 340
284 8 342
284 8 356
284 9 382
284 5 396
284 6 415
284 6 435
284 1 455
284 7 456
284 8 489
284 7 491
284 2 499
285 8 291
285 2 299
285 6 302
285 5 312
285 3 315
285 3 325
285 4 329
285 6 375
285 7 393
285 5 395
285 7 416
285 3 423
285 8 429
285 5 435
285 3 452
285 9 471
285 3 477
285 10 481
285 4 483
285 10 485
285 1 498
286 9 288
286 7 289
286 9 308
286 9 312
286 10 354
286 10 371
286 5 378
286 5 394
286 10 396
286 3 398
286 6 401
286 5 407
286 10 413
286 10 422
286 1 432
286 6 433
286 6 441
286 6 456
286 8 463
287 9 291
287 2 297
287 3 305
287 2 311
287 2 313
287 5 369
287 1 379
287 10 382
287 4 395
287 4 398
287 1 411
287 2 416
287 2 421
287 4 431
287 3 470
287 1 483
287 10 497
288 3 293
288 10 297
288 1 299
288 3 304
288 4 325
288 2 340
288 7 351
288 10 363
288 5 386
288 2 409
288 6 415
288 6 442
288 7 481
288 1 485
289 2 298
289 10 303
289 3 311
289 1 320
289 4 334
289 10 344
289 9 367
289 8 369
289 1 380
289 10 404
289 3 405
289 6 413
289 9 423
289 1 454
289 8 471
289 9 473
290 3 305
290 1 323
290 6 351
290 7 361
290 4 364
290 8 368
290 8 371
290 7 379
290 10 382
290 10 393
290 1 398
290 7 406
290 5 408
290 8 413
290 3 418
290 1 446
290 3 447
290 4 450
290 7 454
290 10 459
290 7 464
290 5 478
290 4 484
290 5 488
290 7 498
291 8 292
291 5 311
291 5 323
291 1 330
291 2 353
291 4 356
291 10 375
291 2 384
291 7 389
291 10 390
291 5 392
291 3 393
291 7 417
291 9 418
291 6 434
291 3 436
291 9 442
291 9 450
291 8 461
291 4 466
291 6 496
292 4 295
292 5 297
292 9 301
292 1 313
292 3 316
292 10 329
292 8 337
292 8 345
292 6 348
292 2 350
292 10 355
292 1 388
292 9 393
292 6 480
293 7 304
293 5 306
293 9 314
293 3 318
293 10 336
293 1 358
293 5 385
293 10 388
293 8 408
293 6 415
293 3 418
293 6 421
293 5 441
293 1 449
293 4 456
293 3 461
293 6 482
293 2 494
294 2 327
294 10 360
294 9 370
294 6 372
294 6 377
294 10 402
294 1 411
294 7 432
294 8 456
294 9 467
294 5 499
295 10 300
295 2 304
295 9 314
295 8 321
295 10 335
295 4 342
295 8 349
295 2 367
295 6 372
295 4 377
295 8 389
295 4 484
295 3 494
296 6 309
296 1 322
296 9 342
296 9 344
296 2 349
296 10 389
296 4 397
296 9 404
296 6 409
296 4 411
296 6 415
296 8 419
296 1 424
296 9 429
296 10 457
296 5 476
296 3 487
296 9 496
297 2 309
297 1 320
297 8 328
297 1 331
297 6 343
297 3 346
297 6 349
297 8 352
297 3 354
297 10 361
297 2 372
297 5 375
297 9 401
297 4 404
297 8 423
297 6 426
297 7 433
297 10 454
297 4 456
297 5 469
297 2 470
297 7 483
297 2 487
297 8 489
298 7 313
298 9 322
298 1 337
298 10 358
298 6 360
298 5 368
298 2 380
298 6 394
298 10 396
298 8 398
298 8 406
298 1 449
298 7 463
298 9 468
299 7 343
299 2 404
299 5 421
299 6 437
299 3 458
299 9 474
299 1 482
299 9 486
299 3 491
299 6 492
299 4 493
300 6 308
300 10 313
300 6 316
300 8 322
300 1 330
300 5 350
300 4 359
300 3 402
300 4 419
300 2 460
300 7 468
300 10 471
300 1 472
300 7 475
300 8 477
300 8 484
300 4 494
301 5 307
301 8 313
301 2 317
301 10 343
301 10 397
301 1 409
301 4 428
301 6 442
301 8 457
301 5 473
301 9 476
302 1 314
302 3 379
302 3 409
302 3 429
302 8 432
302 6 451
302 6 472
302 3 476
302 9 493
303 2 305
303 9 311
303 6 324
303 4 333
303 10 334
303 8 337
303 8 361
303 2 387
303 9 392
303 1 417
303 7 424
303 2 444
303 7 449
303 6 459
303 2 465
303 3 481
303 1 487
303 4 490
303 8 498
304 6 309
304 9 331
304 6 337
304 7 343
304 9 355
304 9 384
304 3 398
304 6 403
304 5 409
304 2 428
304 5 468
304 1 489
304 5 491
304 4 496
304 2 497
305 10 309
305 3 317
305 9 318
305 10 320
305 8 325
305 9 330
305 3 344
305 2 358
305 4 363
305 5 372
305 1 378
305 8 382
305 1 399
305 1 417
305 5 425
305 2 452
305 2 455
305 3 462
305 10 472
305 8 485
305 7 495
306 8 320
306 6 327
306 10 340
306 7 346
306 10 366
306 10 388
306 9 416
306 3 418
306 4 424
306 9 436
306 4 446
306 7 448
306 8 460
306 4 465
306 2 484
306 5 485
306 4 494
307 5 310
307 8 319
307 4 320
307 10 327
307 5 328
307 7 359
307 1 381
307 4 426
307 9 433
307 7 452
307 2 462
307 2 490
307 4 499
308 1 314
308 6 322
308 8 361
308 10 385
308 1 399
308 1 404
308 1 405
308 10 429
308 4 432
308 1 443
308 6 474
308 6 494
309 3 320
309 1 345
309 7 383
309 3 387
309 4 389
309 5 431
309 4 441
309 1 472
309 8 475
310 6 311
310 8 337
310 1 342
310 9 345
310 10 346
310 1 383
310 3 385
310 6 398
310 5 431
310 9 455
310 2 461
310 9 464
310 1 469
310 8 471
310 5 472
310 10 485
310 7 486
311 7 313
311 6 323
311 10 338
311 3 343
311 3 344
311 10 348
311 5 360
311 8 367
311 6 433
311 9 465
311 10 471
311 6 493
312 9 317
312 2 328
312 8 343
312 3 357
312 9 358
312 3 369
312 8 378
312 5 386
312 3 405
312 6 412
312 6 427
312 8 429
312 9 431
312 6 458
312 6 473
312 7 478
312 8 479
312 2 482
313 9 337
313 4 343
313 4 350
313 9 351
313 3 353
313 4 359
313 9 375
313 8 382
313 4 397
313 5 401
313 6 408
313 6 409
313 6 497
314 7 326
314 9 340
314 7 419
314 5 426
314 7 438
314 10 451
314 1 452
314 3 461
314 4 475
314 7 476
315 6 319
315 1 320
315 8 334
315 4 335
315 4 348
315 4 370
315 9 379
315 1 391
315 5 392
315 9 411
315 10 415
315 3 438
315 8 443
315 7 469
315 1 471
315 4 486
316 5 341
316 7 371
316 10 373
316 3 396
316 5 397
316 6 422
316 6 432
316 2 456
316 8 461
316 5 464
316 8 484
316 3 487
317 1 329
317 7 363
317 8 398
317 4 422
317 9 423
317 10 440
317 2 452
317 7 455
317 1 469
317 7 485
317 3 492
317 4 497
318 9 328
318 6 340
318 10 360
318 3 369
318 4 371
318 1 393
318 3 419
318 1 449
318 9 455
318 6 461
318 8 467
318 9 485
318 3 495
318 4 497
319 10 328
319 8 374
319 2 391
319 5 401
319 9 434
319 8 451
319 2 459
319 1 460
319 1 475
319 8 484
320 3 336
320 6 339
320 5 340
320 6 392
320 1 394
320 4 396
320 3 397
320 8 409
320 5 435
320 4 446
320 2 451
320 5 457
320 5 461
320 9 466
320 6 472
320 3 485
321 3 327
321 8 335
321 10 348
321 6 372
321 6 374
321 3 392
321 3 398
321 1 437
321 7 438
321 4 450
321 1 469
321 6 486
322 5 325
322 8 334
322 3 349
322 3 368
322 1 372
322 9 393
322 1 394
322 4 407
322 2 416
322 7 427
322 2 459
322 6 467
323 8 336
323 8 345
323 4 353
323 1 362
323 8 371
323 7 386
323 8 390
323 9 409
323 7 411
323 7 433
323 4 451
323 1 459
323 9 460
323 1 469
323 9 475
323 10 485
323 1 494
324 5 355
324 1 360
324 10 380
324 1 396
324 2 401
324 6 410
324 5 427
324 10 429
324 3 436
324 7 445
324 1 454
324 4 496
325 4 347
325 6 351
325 8 366
325 8 388
325 4 392
325 8 444
325 5 445
325 6 450
325 5 460
325 6 468
325 1 469
325 10 474
325 7 477
325 8 479
325 10 487
326 6 376
326 10 409
326 7 416
326 6 430
326 7 447
326 4 454
326 3 474
326 5 490
326 7 496
326 4 497
326 2 498
327 6 336
327 7 345
327 8 351
327 3 369
327 4 370
327 5 373
327 8 374
327 5 388
327 6 397
327 1 398
327 5 402
327 9 408
327 8 430
327 8 449
327 6 461
327 10 464
327 1 470
327 6 476
327 6 498
328 9 343
328 8 361
328 4 390
328 4 392
328 6 399
328 10 407
328 2 418
328 2 425
328 10 451
328 2 462
328 8 469
328 6 475
328 10 476
328 1 485
328 2 490
329 4 349
329 8 351
329 2 365
329 4 375
329 9 395
329 7 403
329 6 406
329 3 408
329 6 412
329 2 419
329 9 450
329 4 468
330 5 331
330 6 346
330 4 398
330 10 419
330 10 431
330 2 475
330 9 494
331 3 333
331 5 368
331 5 390
331 4 445
331 9 447
331 10 450
331 4 461
331 8 463
331 7 468
331 3 489
331 3 490
332 2 348
332 1 363
332 9 372
332 10 376
332 7 402
332 7 411
332 9 412
332 2 414
332 1 419
332 8 420
332 7 429
332 1 460
332 7 465
332 10 470
332 5 489
332 1 495
333 10 334
333 9 348
333 7 351
333 4 352
333 2 353
333 2 358
333 7 365
333 4 379
333 1 389
333 9 395
333 10 398
333 7 450
333 6 476
333 9 491
334 5 343
334 1 347
334 7 357
334 8 371
334 4 375
334 5 402
334 4 406
334 1 407
334 6 413
334 3 431
334 5 439
334 6 443
334 1 449
334 8 461
334 9 468
334 6 485
335 8 337
335 6 338
335 6 347
335 10 373
335 9 375
335 9 382
335 4 384
335 6 385
335 2 392
335 8 399
335 10 403
335 8 419
335 2 424
335 2 430
335 10 435
335 9 452
335 9 468
336 8 347
336 8 349
336 10 376
336 3 380
336 7 382
336 10 399
336 6 429
336 9 432
336 8 441
336 2 447
336 8 454
336 6 463
336 7 487
336 8 491
337 7 342
337 1 343
337 2 358
337 4 360
337 4 371
337 9 373
337 9 387
337 7 389
337 1 398
337 1 434
337 4 451
337 9 470
337 9 474
337 2 489
337 5 495
338 9 350
338 5 358
338 10 384
338 1 396
338 4 420
338 6 473
338 7 476
338 8 477
338 1 482
339 7 345
339 6 346
339 5 351
339 2 370
339 1 372
339 9 404
339 6 407
339 10 417
339 2 434
339 8 444
339 1 470
339 10 472
339 5 483
339 9 493
340 5 344
340 9 353
340 3 360
340 10 367
340 5 369
340 9 404
340 10 419
340 9 421
340 1 426
340 5 448
340 5 449
340 7 456
340 9 480
340 8 482
340 2 495
341 4 375
341 7 386
341 1 394
341 4 400
341 3 407
341 8 409
341 3 438
342 9 368
342 8 377
342 6 386
342 1 388
342 4 400
342 9 401
342 6 431
342 5 432
342 7 449
342 6 459
342 5 468
342 8 493
343 5 371
343 8 383
343 5 386
343 7 396
343 9 397
343 3 415
343 9 439
343 5 442
343 9 469
343 8 477
343 7 485
343 6 494
343 2 495
344 4 381
344 7 384
344 8 433
344 1 448
344 7 452
344 1 456
345 8 346
345 9 364
345 1 368
345 7 369
345 1 372
345 5 423
345 2 443
345 8 451
345 2 461
345 3 495
346 9 380
346 5 393
346 8 401
346 7 402
346 9 405
346 5 413
346 2 451
346 5 462
346 5 478
346 6 482
347 9 348
347 5 376
347 1 378
347 7 409
347 6 432
347 6 446
347 1 450
347 5 454
347 2 460
347 8 466
347 9 470
348 6 351
348 7 371
348 1 376
348 9 379
348 3 398
348 10 405
348 3 412
348 6 445
348 6 448
348 7 469
348 5 485
349 2 355
349 8 381
349 7 430
349 1 435
349 3 463
349 9 464
349 10 475
349 3 488
349 4 496
350 10 375
350 10 380
350 10 399
350 8 423
350 1 439
350 2 449
350 8 458
350 7 466
350 10 475
350 6 484
350 3 486
351 1 380
351 9 384
351 7 387
351 2 403
351 9 406
351 1 431
351 6 451
351 9 458
351 2 475
351 3 480
351 2 497
352 4 368
352 2 370
352 5 407
352 2 409
352 3 416
352 7 427
352 5 428
352 10 434
352 5 435
352 7 448
352 4 455
352 2 463
352 6 470
352 9 475
352 7 478
352 9 480
353 5 382
353 10 384
353 6 394
353 2 412
353 3 418
353 2 423
353 9 426
353 6 435
353 9 437
353 8 465
353 3 475
353 7 478
353 1 484
353 7 497
354 5 366
354 5 382
354 3 384
354 10 389
354 7 394
354 2 400
354 8 401
354 9 404
354 10 423
354 6 424
354 9 425
354 4 428
354 2 431
354 6 435
354 6 451
354 8 452
354 2 455
354 2 457
354 10 471
354 1 476
354 8 486
355 1 359
355 9 360
355 9 389
355 10 400
355 10 416
355 8 420
355 3 474
355 9 479
355 6 484
356 6 373
356 9 385
356 4 398
356 6 402
356 9 408
356 6 416
356 4 444
356 5 456
356 8 458
356 7 473
356 7 477
356 10 495
357 7 362
357 1 363
357 2 364
357 6 378
357 10 384
357 10 386
357 3 396
357 2 428
357 8 447
357 9 456
357 1 470
357 9 478
357 7 482
358 10 366
358 4 424
358 3 435
358 8 452
358 5 468
358 8 474
358 3 477
358 9 488
358 1 491
358 5 493
358 5 498
359 7 365
359 6 373
359 1 382
359 10 383
359 5 391
359 6 420
359 4 434
359 9 444
359 9 457
359 2 460
359 3 489
360 8 384
360 10 389
360 2 400
360 10 405
360 7 421
360 8 422
360 8 446
360 1 465
360 10 479
360 3 482
361 7 362
361 8 390
361 4 403
361 6 404
361 7 419
361 8 422
361 1 426
361 6 431
361 2 437
362 10 369
362 3 375
362 1 376
362 1 383
362 6 415
362 8 421
362 8 427
362 5 461
362 3 470
363 8 379
363 2 380
363 3 400
363 10 428
363 6 467
363 6 471
363 2 473
363 5 492
363 2 495
363 4 497
364 4 384
364 5 388
364 10 419
364 2 421
364 9 461
365 6 367
365 5 371
365 4 375
365 10 382
365 10 397
365 9 398
365 7 409
365 3 411
365 6 412
365 4 426
365 1 429
365 2 433
365 3 436
365 1 437
365 2 442
365 3 447
365 1 481
365 8 483
365 4 486
365 6 496
366 9 372
366 9 389
366 4 402
366 6 409
366 3 413
366 5 416
366 3 424
366 8 446
366 5 459
366 7 460
366 8 489
367 1 368
367 8 374
367 7 379
367 9 391
367 5 396
367 9 413
367 7 416
367 3 419
367 4 432
367 5 434
367 4 450
367 10 460
367 3 465
367 2 467
367 9 473
367 3 487
367 8 497
368 2 376
368 8 390
368 4 408
368 2 410
368 10 411
368 10 416
368 4 449
368 3 459
368 9 469
368 2 477
368 5 488
368 10 493
369 5 372
369 9 375
369 9 413
369 2 416
369 6 420
369 10 423
369 3 478
369 8 485
369 5 493
370 3 382
370 8 386
370 1 413
370 4 431
370 6 440
370 3 448
370 4 458
370 9 499
371 9 384
371 4 398
371 4 411
371 8 445
371 8 454
371 2 462
371 10 465
371 3 466
371 10 473
372 6 396
372 7 446
372 9 448
372 10 451
372 5 455
372 3 480
372 5 493
372 4 496
373 2 381
373 4 407
373 2 410
373 8 419
373 10 435
373 3 456
373 1 469
373 10 475
373 1 485
373 10 492
373 6 497
374 6 397
374 5 403
374 5 404
374 5 427
374 9 446
374 3 447
374 4 492
375 7 376
375 2 401
375 5 406
375 1 413
375 5 414
375 5 434
375 4 448
375 6 463
375 2 480
376 3 386
376 6 398
376 5 406
376 8 429
376 1 450
376 2 452
376 2 456
376 4 466
376 9 467
376 4 473
376 6 477
376 10 483
377 9 385
377 4 394
377 9 418
377 1 427
377 8 432
377 7 480
378 3 401
378 4 425
378 1 426
378 5 428
378 8 434
378 5 435
378 8 454
378 2 458
378 6 471
378 1 485
378 7 487
379 8 392
379 6 451
379 4 453
379 5 476
379 6 477
379 1 479
379 6 490
380 9 403
380 6 406
380 6 408
380 6 421
380 6 432
380 1 439
380 2 444
380 6 491
381 9 408
381 5 410
381 5 445
381 7 470
381 3 480
381 8 492
382 5 386
382 2 389
382 6 394
382 4 395
382 4 421
382 9 440
382 3 447
382 2 450
382 7 461
382 7 462
382 2 465
382 9 479
382 10 489
382 1 497
383 8 386
383 8 391
383 1 412
383 6 451
383 5 455
383 3 456
383 5 461
384 9 385
384 8 396
384 1 406
384 7 426
384 9 443
384 4 448
384 4 459
384 4 464
384 2 476
384 5 479
384 4 484
384 7 489
384 6 490
384 10 491
385 2 395
385 6 399
385 3 419
385 3 428
385 8 473
385 5 481
385 6 490
386 6 400
386 7 410
386 2 426
386 1 459
386 8 462
386 2 472
386 10 485
386 10 492
387 5 408
387 9 427
387 1 430
387 10 454
387 1 475
387 5 476
387 1 491
388 9 396
388 1 405
388 9 408
388 8 410
388 2 411
388 2 440
388 4 461
388 9 463
388 3 470
388 6 476
388 7 478
388 7 486
388 9 496
389 2 415
389 10 447
389 9 471
389 3 472
390 7 399
390 2 401
390 8 429
390 5 435
390 5 447
390 4 450
390 1 478
390 10 481
390 10 492
390 10 497
391 1 406
391 2 421
391 7 427
391 6 440
391 2 454
391 4 455
391 4 470
391 8 476
392 2 407
392 6 422
392 8 447
393 7 404
393 2 417
393 6 418
393 7 423
393 2 456
393 10 466
393 9 485
393 1 492
393 8 499
394 1 399
394 1 401
394 1 406
394 3 409
394 8 417
394 3 424
394 6 425
394 4 426
394 6 441
394 8 490
394 2 494
395 10 406
395 8 460
395 10 475
395 1 477
395 4 495
396 6 400
396 7 404
396 10 407
396 1 414
396 8 418
396 9 426
396 5 429
396 6 453
397 4 421
397 1 435
397 3 443
397 1 450
397 2 467
397 3 474
397 7 476
397 3 483
397 9 492
398 9 402
398 6 417
398 10 422
398 7 426
398 8 430
398 1 433
398 10 434
398 4 447
398 7 449
398 1 486
399 5 422
399 3 427
399 6 432
399 10 452
399 2 458
399 4 479
399 2 481
401 5 420
401 7 428
401 4 448
401 1 466
401 9 473
401 5 474
402 3 422
402 5 441
402 10 450
402 3 466
402 2 470
402 9 493
402 8 495
403 2 418
403 8 427
403 1 428
403 5 452
403 7 479
403 4 484
403 2 494
404 3 421
404 4 427
404 2 439
404 4 443
404 7 460
405 10 410
405 6 449
405 6 466
406 10 444
406 3 461
406 2 469
406 9 471
406 6 496
406 8 499
407 10 433
407 5 453
407 10 458
407 7 483
408 1 427
408 7 429
408 7 446
408 3 461
408 4 497
409 3 418
409 9 423
409 10 427
409 8 428
409 4 441
409 8 449
409 6 454
409 8 460
409 2 476
409 1 478
409 8 482
409 9 483
409 2 493
410 5 436
410 1 442
410 2 443
410 3 448
410 8 449
410 4 456
410 5 478
410 6 484
411 7 429
411 2 443
411 3 469
411 8 470
411 6 477
411 9 488
412 7 441
412 10 443
412 10 451
412 1 479
412 1 484
412 2 490
412 8 499
413 9 425
413 2 433
413 9 434
413 1 438
413 3 447
414 9 418
414 9 424
414 8 426
414 7 431
414 3 465
414 7 487
415 3 436
415 9 441
415 3 461
415 8 462
415 9 465
415 10 485
416 4 423
416 4 461
416 4 468
416 3 494
417 1 421
417 6 444
417 9 446
417 10 460
417 6 478
418 4 421
418 6 443
418 4 458
418 3 481
418 9 485
418 9 493
418 1 495
419 5 421
419 2 428
419 5 431
419 6 440
419 3 441
419 10 454
419 4 473
419 7 486
420 3 421
420 1 448
420 5 488
421 7 448
421 4 460
421 9 475
421 4 476
421 4 488
422 4 427
422 5 430
422 9 450
422 6 461
422 10 474
422 9 480
422 1 483
422 6 484
422 6 489
422 6 490
422 2 495
423 8 440
423 2 465
423 9 467
423 8 478
423 3 483
423 3 484
423 7 488
424 1 427
424 9 433
424 1 472
424 9 483
424 10 492
424 1 496
425 9 428
425 3 441
425 1 445
425 8 449
425 8 469
425 5 483
425 7 489
425 8 496
425 9 499
426 10 427
426 5 466
426 10 475
426 3 490
427 1 431
427 5 438
427 8 440
427 2 444
427 9 446
427 9 489
427 10 494
428 1 450
428 6 484
429 9 456
429 8 464
429 2 473
429 6 485
429 3 495
430 5 433
430 10 436
430 4 440
430 4 441
430 5 451
430 4 490
431 6 477
431 5 479
431 7 487
432 3 433
432 2 440
432 3 472
432 8 477
433 7 445
433 1 458
433 8 484
433 9 487
433 9 489
433 2 490
433 2 499
434 8 447
434 8 452
434 3 483
434 9 486
434 3 493
435 1 452
435 5 462
436 3 460
436 10 463
436 9 465
436 8 468
436 9 469
437 7 444
437 1 449
437 5 456
437 6 476
438 10 465
438 4 469
438 6 473
438 2 482
438 8 484
438 2 497
439 4 440
439 5 441
439 4 462
439 4 467
439 10 470
439 10 471
439 9 483
439 4 488
439 10 491
440 8 449
440 7 451
440 2 455
440 1 470
440 6 472
440 4 495
440 8 498
440 6 499
441 3 452
441 7 474
441 1 476
442 10 445
442 1 447
442 7 484
442 7 485
442 9 489
442 5 496
443 1 444
443 4 484
444 7 462
444 4 470
444 3 472
444 5 484
445 7 448
445 2 449
445 3 469
445 4 481
445 1 490
446 7 454
446 10 460
446 6 464
446 8 468
446 1 473
446 9 479
446 4 483
447 6 448
447 10 465
448 5 451
448 2 465
448 10 497
449 4 460
449 1 462
449 3 465
449 3 481
449 7 491
450 3 487
450 6 491
450 1 492
451 1 463
451 4 479
451 2 484
451 4 489
451 7 491
453 7 454
453 4 463
453 3 468
453 6 490
453 5 493
454 5 462
454 5 491
455 7 458
455 4 480
455 3 498
456 9 477
456 6 479
456 7 485
457 3 478
457 3 490
457 5 497
458 5 461
458 4 467
458 7 468
458 7 498
459 8 465
459 2 488
460 2 476
460 4 485
460 2 495
461 10 463
461 3 476
461 9 481
461 4 488
461 9 491
461 1 492
461 2 494
462 5 484
463 9 477
463 3 479
463 3 481
463 1 494
464 8 473
464 5 494
465 5 495
466 1 468
466 10 472
466 3 488
466 2 494
467 9 477
467 10 480
467 7 490
467 10 493
469 7 479
471 8 480
471 6 489
471 2 499
472 2 476
472 4 487
472 10 492
473 7 475
473 6 477
473 10 481
473 7 491
473 10 495
473 9 499
474 1 486
475 7 481
476 5 477
476 7 491
476 4 495
477 6 478
477 9 497
477 6 499
479 10 489
479 6 498
481 1 485
481 3 495
481 4 498
482 10 483
482 3 497
483 4 498
484 5 490
484 5 495
485 10 491
485 2 498
486 4 487
486 6 492
486 9 498
487 10 492
488 4 497
489 8 493
490 7 494
