100
0 4 1
1 7 2
2 8 3
3 6 4
4 4 5
5 6 6
6 7 7
7 3 8
8 10 9
9 2 10
10 3 11
11 8 12
12 1 13
13 10 14
14 4 15
15 7 16
16 1 17
17 7 18
18 3 19
19 7 20
20 2 21
21 9 22
22 8 23
23 10 24
24 3 25
25 1 26
26 3 27
27 4 28
28 8 29
29 6 30
30 10 31
31 3 32
32 3 33
33 9 34
34 10 35
35 8 36
36 4 37
37 7 38
38 2 39
39 3 40
40 10 41
41 4 42
42 2 43
43 10 44
44 5 45
45 8 46
46 9 47
47 5 48
48 6 49
49 1 50
50 4 51
51 7 52
52 2 53
53 1 54
54 7 55
55 4 56
56 3 57
57 1 58
58 7 59
59 2 60
60 6 61
61 6 62
62 5 63
63 8 64
64 7 65
65 6 66
66 7 67
67 10 68
68 4 69
69 8 70
70 5 71
71 6 72
72 3 73
73 6 74
74 5 75
75 8 76
76 5 77
77 5 78
78 4 79
79 1 80
80 8 81
81 9 82
82 7 83
83 9 84
84 9 85
85 5 86
86 4 87
87 2 88
88 5 89
89 10 90
90 3 91
91 1 92
92 7 93
93 9 94
94 10 95
95 3 96
96 7 97
97 7 98
98 5 99
