100
0 1 42
0 2 50
0 10 56
0 8 62
0 3 63
0 2 69
0 10 78
0 10 84
0 9 97
1 5 11
1 10 14
1 6 26
1 4 37
1 5 51
2 7 26
2 9 29
2 8 33
2 6 44
2 4 60
2 6 90
2 9 92
3 10 30
3 1 84
4 1 8
4 8 12
4 2 23
4 4 86
4 9 90
5 2 10
5 8 77
5 7 90
5 5 94
5 4 98
6 6 17
6 7 85
6 7 89
7 4 12
7 10 17
7 4 33
7 9 47
7 8 49
7 10 57
7 4 58
7 10 69
7 3 79
8 2 30
8 2 50
8 7 52
8 8 67
8 5 82
9 9 71
10 7 28
10 3 48
10 2 51
10 10 56
10 9 64
10 3 65
10 2 68
10 1 69
10 3 75
10 10 85
10 3 92
11 3 33
11 1 94
12 4 55
12 10 56
13 4 62
13 9 67
13 7 89
14 4 26
14 5 87
14 4 96
15 5 17
16 3 28
16 10 47
17 9 94
17 5 95
18 10 83
19 3 67
19 6 71
20 10 21
20 9 89
20 10 97
21 2 41
22 8 84
23 6 44
23 5 45
23 1 49
23 7 69
23 5 93
24 1 56
24 10 80
25 1 42
25 4 47
25 6 57
25 3 82
25 4 85
25 7 94
26 9 37
26 3 90
26 4 95
27 7 36
27 2 95
28 9 39
28 7 60
28 2 62
28 2 69
28 8 82
28 2 96
29 6 60
30 2 44
30 5 58
30 4 91
30 3 92
31 3 50
31 4 92
32 2 48
33 9 48
34 4 61
34 2 69
34 9 85
34 1 96
35 1 51
35 2 63
35 8 88
35 6 90
35 6 93
36 5 42
36 9 59
36 6 66
36 5 76
36 1 90
37 9 65
37 7 93
38 3 54
38 8 82
38 6 99
39 1 60
39 9 81
40 2 49
40 7 56
40 6 82
40 5 90
41 2 69
41 6 84
42 5 51
42 5 80
43 6 72
44 9 57
44 7 83
45 9 94
46 9 74
46 1 86
46 8 99
47 7 61
47 7 95
48 3 54
48 6 73
48 2 75
49 2 60
49 9 99
50 7 54
50 9 62
50 7 81
51 5 57
51 1 80
53 5 58
53 5 99
54 7 69
56 8 58
56 9 87
58 6 59
58 4 64
58 2 76
61 3 82
61 3 94
61 5 96
63 1 66
64 10 78
65 6 72
65 8 78
65 10 82
65 8 89
66 4 67
66 10 76
67 7 86
67 5 96
68 2 90
69 9 97
70 3 85
75 5 97
76 8 88
80 9 94
84 10 94
85 1 88
86 1 96
90 10 95
97 7 99
