100
0 1 3
0 7 12
0 7 24
0 8 25
0 10 29
0 9 39
0 3 42
0 7 46
0 2 50
0 8 62
0 3 63
0 4 77
0 10 84
0 10 92
0 9 97
1 4 3
1 4 6
1 5 11
1 10 14
1 1 56
1 7 59
1 1 61
1 9 73
1 4 84
1 3 97
2 1 10
2 10 25
2 9 29
2 10 31
2 8 33
2 3 37
2 4 39
2 6 44
2 2 61
2 2 68
2 8 74
2 6 90
2 9 92
3 1 19
3 4 20
3 5 25
3 1 28
3 4 33
3 2 83
3 7 85
3 4 90
4 8 12
4 2 13
4 3 22
4 10 33
4 7 36
4 2 39
4 9 40
4 4 43
4 4 54
4 9 55
4 2 60
4 7 65
4 7 71
4 2 73
4 10 75
4 10 79
4 4 86
4 9 96
5 2 10
5 8 21
5 4 22
5 5 25
5 9 27
5 10 37
5 1 48
5 9 50
5 10 63
5 1 78
5 3 79
5 3 82
5 4 90
5 5 94
6 3 7
6 2 15
6 6 17
6 8 28
6 1 59
6 10 60
6 5 61
6 4 65
6 5 73
6 2 84
7 10 17
7 4 33
7 1 34
7 8 41
7 7 45
7 10 83
8 4 28
8 10 29
8 2 30
8 4 40
8 9 53
8 10 56
8 3 62
8 3 63
8 8 67
8 6 68
8 9 76
9 6 17
9 4 31
9 7 52
9 2 53
9 8 55
9 7 59
9 9 71
9 4 73
9 1 81
10 6 11
10 8 18
10 3 19
10 1 31
10 8 42
10 9 55
10 2 68
10 1 69
10 1 73
10 4 88
10 6 89
10 3 92
11 3 18
11 9 22
11 8 23
11 1 27
11 4 34
11 4 35
11 6 44
11 1 66
11 8 69
11 6 73
12 2 17
12 9 41
12 3 48
12 1 55
12 10 56
12 7 58
12 6 69
12 1 79
12 8 83
12 10 86
12 10 92
13 1 26
13 8 31
13 7 33
13 7 38
13 3 54
13 9 71
13 5 79
13 7 89
13 8 94
13 1 98
14 6 16
14 4 26
14 5 35
14 10 38
14 6 49
14 10 55
14 2 57
14 6 68
14 2 71
14 10 73
14 7 76
14 6 81
14 7 87
15 5 17
15 8 21
15 1 25
15 5 27
15 1 33
15 9 57
15 2 68
15 4 70
15 7 84
15 2 86
15 5 87
15 6 93
15 4 95
15 6 96
16 4 18
16 10 24
16 3 28
16 10 29
16 10 47
16 2 51
16 1 52
16 7 81
16 9 82
16 8 83
16 2 92
16 3 94
16 6 97
17 6 18
17 2 23
17 10 39
17 6 41
17 4 54
17 2 64
17 1 82
17 3 92
17 9 94
17 5 95
17 2 97
18 6 23
18 6 38
18 8 43
18 4 52
18 4 63
18 8 79
18 2 80
18 5 96
19 5 21
19 9 24
19 4 31
19 6 34
19 2 43
19 1 60
19 3 67
19 2 80
19 7 81
19 5 89
19 2 99
20 10 21
20 9 26
20 4 41
20 5 57
20 7 67
20 7 80
20 9 84
20 6 92
20 10 97
21 8 26
21 8 35
21 2 41
21 6 59
21 5 60
21 8 62
21 1 63
21 4 66
21 10 67
21 5 70
21 6 72
21 9 74
21 4 82
22 10 24
22 2 32
22 9 40
22 5 47
22 5 63
22 9 65
22 5 72
22 1 83
22 8 84
22 10 85
22 8 87
22 5 99
23 5 48
23 1 49
23 1 50
23 10 51
23 6 67
23 8 68
23 7 69
23 3 82
23 2 87
24 8 26
24 6 28
24 3 37
24 10 39
24 10 42
24 6 57
24 6 82
24 10 90
24 4 96
25 2 28
25 8 33
25 1 42
25 3 43
25 4 47
25 6 57
25 7 58
25 7 66
25 3 82
25 8 96
26 3 30
26 7 40
26 5 53
26 10 54
26 5 66
26 8 67
26 2 69
26 5 72
26 10 83
26 5 86
26 3 90
26 1 91
27 5 28
27 7 36
27 7 67
27 5 72
27 1 98
28 7 29
28 8 31
28 9 39
28 2 43
28 2 64
28 5 66
28 2 69
28 8 75
28 8 76
28 8 82
28 10 88
28 4 97
29 2 40
29 4 42
29 1 44
29 4 46
29 6 49
29 4 57
29 9 59
29 7 78
29 4 85
29 8 95
29 5 96
30 5 33
30 10 51
30 3 82
30 4 90
30 4 91
30 3 92
30 8 96
30 4 98
31 3 50
31 2 51
31 2 73
31 2 84
32 2 48
32 8 51
32 5 55
32 7 60
32 10 69
32 10 71
32 3 87
32 5 89
32 1 90
32 7 92
32 10 96
32 4 97
33 5 37
33 5 43
33 4 60
33 8 63
33 10 85
33 9 87
33 10 93
33 10 98
34 5 39
34 9 46
34 4 61
34 5 64
34 5 67
34 6 69
34 1 77
34 8 78
34 7 81
34 9 85
34 6 91
34 1 96
34 2 98
35 2 37
35 1 51
35 2 52
35 2 63
35 9 64
35 4 74
35 1 77
35 3 82
35 4 87
35 6 90
35 9 93
35 9 95
36 7 44
36 1 55
36 4 57
36 9 60
36 6 63
36 6 66
36 1 69
36 2 72
36 5 76
36 1 90
37 5 40
37 8 43
37 9 53
37 9 59
37 9 65
37 10 73
37 7 93
37 5 98
38 2 51
38 3 54
38 4 57
38 1 66
38 5 67
38 2 69
38 10 71
38 6 83
38 1 91
38 6 99
39 8 42
39 9 43
39 2 46
39 7 54
39 1 60
39 3 68
39 5 74
39 9 81
39 10 83
39 10 95
40 9 42
40 2 49
40 6 67
40 3 68
40 6 77
40 2 82
40 3 83
40 5 90
40 2 95
40 10 96
41 1 55
41 6 86
42 5 54
42 1 61
42 1 64
42 9 68
42 7 76
42 5 80
42 3 86
43 8 50
43 4 53
43 10 55
43 10 73
43 5 74
43 8 91
43 7 99
44 1 56
44 10 57
44 4 75
44 1 82
44 10 89
44 6 90
45 3 52
45 8 82
45 3 95
46 2 51
46 9 67
46 8 69
46 9 74
46 8 99
47 1 50
47 7 61
47 2 65
47 7 72
47 2 73
47 1 78
47 9 81
47 1 90
47 8 91
48 3 54
48 3 56
48 5 90
48 7 94
49 1 51
49 5 98
49 9 99
50 7 54
50 2 68
50 8 69
50 6 72
50 10 75
50 7 81
50 1 93
50 5 96
51 10 54
51 6 59
51 1 80
51 3 97
51 10 99
52 6 70
52 1 71
52 6 96
52 2 99
53 3 60
53 4 62
53 7 86
53 7 97
53 5 99
54 2 57
54 5 66
54 5 75
54 10 77
54 4 87
54 7 88
54 1 90
54 4 94
55 3 60
55 1 61
55 9 79
56 8 58
56 3 73
56 6 81
56 8 84
56 2 90
56 2 93
57 3 66
57 3 73
57 4 81
57 10 88
57 3 90
57 8 93
57 8 97
58 6 59
58 4 64
58 8 69
58 10 70
58 1 84
58 1 90
58 7 98
59 7 65
59 4 73
59 3 78
59 3 81
59 4 90
60 5 62
60 10 63
60 7 68
60 2 82
60 10 88
61 9 79
61 1 81
61 2 83
61 3 94
61 5 96
62 3 70
62 2 72
62 9 75
62 10 82
62 2 83
62 10 86
63 1 66
63 7 77
63 4 97
63 1 98
64 8 83
64 4 90
64 8 97
65 7 75
65 8 78
65 1 81
65 8 89
65 10 94
66 10 76
66 3 78
66 9 97
66 6 98
67 10 68
67 7 86
67 9 89
68 4 81
68 6 90
68 7 93
68 9 95
68 5 98
69 9 76
69 3 82
69 5 89
69 9 97
70 1 76
70 1 83
70 3 85
70 4 96
70 5 99
71 4 80
71 9 86
71 10 95
72 6 74
72 4 78
72 9 89
72 1 91
72 6 99
73 1 76
73 9 83
74 4 88
74 8 91
74 7 93
75 10 81
76 10 83
76 8 88
76 6 95
76 6 98
77 6 79
77 3 87
77 7 90
77 4 95
78 6 97
79 4 84
79 4 90
79 10 94
80 6 93
80 9 94
80 7 98
81 8 82
81 2 94
81 1 96
81 7 99
83 8 86
83 1 87
83 7 97
83 8 99
84 4 88
84 3 92
84 10 94
85 6 86
85 1 88
86 6 92
86 4 93
86 1 96
86 1 98
88 1 94
88 10 97
89 8 91
90 8 92
90 10 93
91 8 92
92 4 95
94 10 97
95 1 98
95 5 99
97 7 99
