100
0 1 3
0 7 12
0 3 23
0 7 24
0 8 25
0 10 29
0 8 38
0 9 39
0 1 40
0 1 42
0 7 46
0 2 50
0 10 56
0 8 62
0 3 63
0 7 68
0 2 69
0 4 77
0 10 78
0 10 84
0 5 85
0 10 92
0 9 97
1 4 3
1 4 6
1 5 11
1 10 14
1 5 20
1 6 26
1 4 37
1 9 47
1 5 51
1 7 56
1 7 59
1 1 61
1 10 73
1 2 77
1 4 84
1 8 90
1 10 92
1 3 97
1 3 98
2 1 10
2 7 17
2 10 25
2 6 26
2 9 29
2 10 31
2 8 33
2 3 37
2 4 39
2 6 44
2 7 47
2 4 60
2 2 61
2 2 68
2 1 71
2 8 74
2 1 78
2 10 79
2 6 81
2 6 90
2 5 92
3 4 16
3 1 19
3 4 20
3 5 25
3 1 28
3 10 30
3 4 33
3 4 37
3 1 38
3 9 52
3 3 57
3 6 58
3 9 61
3 2 83
3 1 84
3 7 85
3 4 90
3 8 98
4 4 5
4 1 8
4 8 12
4 2 13
4 3 22
4 2 23
4 5 27
4 10 33
4 7 36
4 4 37
4 2 39
4 9 40
4 4 43
4 4 54
4 9 55
4 2 60
4 6 61
4 7 65
4 7 71
4 8 72
4 2 73
4 10 75
4 10 76
4 10 79
4 1 83
4 4 86
4 2 87
4 9 90
4 8 93
4 9 96
4 4 99
5 8 8
5 2 10
5 8 21
5 4 22
5 5 25
5 9 27
5 10 37
5 10 48
5 6 49
5 9 50
5 3 63
5 8 77
5 1 78
5 3 79
5 3 82
5 7 90
5 5 94
5 4 98
5 1 99
6 3 7
6 2 15
6 6 17
6 9 24
6 8 28
6 3 39
6 5 41
6 8 49
6 1 59
6 10 60
6 5 61
6 8 63
6 4 65
6 5 73
6 9 77
6 3 80
6 2 84
6 2 85
6 7 89
7 4 12
7 10 17
7 6 18
7 4 27
7 4 33
7 1 34
7 7 35
7 8 41
7 6 44
7 7 45
7 9 47
7 8 49
7 10 57
7 4 58
7 10 69
7 2 70
7 10 71
7 3 79
7 9 82
7 10 83
7 9 96
8 8 28
8 10 29
8 2 30
8 4 40
8 4 49
8 2 50
8 6 52
8 9 53
8 10 54
8 10 56
8 3 62
8 3 63
8 8 67
8 6 68
8 1 71
8 1 74
8 9 76
8 5 82
8 5 87
8 8 88
8 3 90
8 10 91
9 6 17
9 5 28
9 10 29
9 10 30
9 4 31
9 7 36
9 2 45
9 7 52
9 2 53
9 9 54
9 8 55
9 6 57
9 7 59
9 9 71
9 5 73
9 9 74
9 6 80
9 1 81
9 3 87
9 9 93
10 6 11
10 8 18
10 3 19
10 1 20
10 7 28
10 1 31
10 8 42
10 3 44
10 3 48
10 6 49
10 2 51
10 9 55
10 10 56
10 1 59
10 7 62
10 9 64
10 3 65
10 2 68
10 1 69
10 1 73
10 3 75
10 10 85
10 4 88
10 6 89
10 5 92
11 3 18
11 9 22
11 8 23
11 1 27
11 3 33
11 4 34
11 4 35
11 6 44
11 4 45
11 6 46
11 8 48
11 1 66
11 8 69
11 6 73
11 1 94
11 9 95
11 2 96
12 2 17
12 3 32
12 9 41
12 3 48
12 4 55
12 10 56
12 7 58
12 6 69
12 9 76
12 1 79
12 8 83
12 10 86
12 8 88
12 10 92
13 1 26
13 8 31
13 7 33
13 7 38
13 8 54
13 10 56
13 2 59
13 4 62
13 9 67
13 9 71
13 5 79
13 7 89
13 8 94
13 3 96
13 1 98
14 6 16
14 9 17
14 9 24
14 4 26
14 5 35
14 10 38
14 7 43
14 6 49
14 3 51
14 3 54
14 10 55
14 2 57
14 8 63
14 6 68
14 2 71
14 10 73
14 7 76
14 6 81
14 5 87
14 4 96
15 5 17
15 6 19
15 8 21
15 1 25
15 5 27
15 1 33
15 10 51
15 4 53
15 3 56
15 9 57
15 8 67
15 2 68
15 4 70
15 4 81
15 9 82
15 7 84
15 2 86
15 5 87
15 6 93
15 4 95
15 6 96
16 4 18
16 9 19
16 10 24
16 3 28
16 10 29
16 10 47
16 2 51
16 3 52
16 7 68
16 2 76
16 7 81
16 7 82
16 8 83
16 2 92
16 3 94
16 6 97
17 6 18
17 2 23
17 7 24
17 4 35
17 10 39
17 6 41
17 4 54
17 9 61
17 2 64
17 6 75
17 5 80
17 1 82
17 6 86
17 5 87
17 3 92
17 3 93
17 9 94
17 5 95
17 2 97
18 6 23
18 2 25
18 4 31
18 6 38
18 5 42
18 8 43
18 7 51
18 4 52
18 10 55
18 4 63
18 9 66
18 2 76
18 8 79
18 2 80
18 10 83
18 1 92
18 3 94
18 8 96
19 5 21
19 9 24
19 7 26
19 4 31
19 6 34
19 2 43
19 3 49
19 1 60
19 3 61
19 3 67
19 3 68
19 3 71
19 2 80
19 7 81
19 5 89
19 2 99
20 10 21
20 7 22
20 9 26
20 5 27
20 6 41
20 5 57
20 3 58
20 7 67
20 9 74
20 3 76
20 7 80
20 9 84
20 7 86
20 9 89
20 6 92
20 10 97
21 8 26
21 2 35
21 2 41
21 4 59
21 5 60
21 8 62
21 1 63
21 4 66
21 7 67
21 5 70
21 6 72
21 9 74
21 1 77
21 4 82
21 3 87
21 1 89
22 10 24
22 2 32
22 8 34
22 9 40
22 6 43
22 5 47
22 9 55
22 5 63
22 9 65
22 5 72
22 1 83
22 8 84
22 8 85
22 8 86
22 8 87
22 5 99
23 5 26
23 3 41
23 6 44
23 5 45
23 9 46
23 5 48
23 1 49
23 1 50
23 10 51
23 6 67
23 8 68
23 7 69
23 7 74
23 3 82
23 2 87
23 3 92
23 5 93
23 1 94
23 7 99
24 7 25
24 8 26
24 6 28
24 3 37
24 10 39
24 5 42
24 4 56
24 6 57
24 2 80
24 6 82
24 10 90
24 7 91
24 4 96
25 2 28
25 8 33
25 1 42
25 3 43
25 4 47
25 8 51
25 6 57
25 7 58
25 7 66
25 10 72
25 3 76
25 3 77
25 3 82
25 4 85
25 5 93
25 7 94
25 8 96
26 3 30
26 9 37
26 9 38
26 7 40
26 1 43
26 1 53
26 10 54
26 6 59
26 2 61
26 5 66
26 8 67
26 4 69
26 5 72
26 3 80
26 10 83
26 2 86
26 7 88
26 3 90
26 1 91
26 7 95
27 5 28
27 7 36
27 1 48
27 3 50
27 4 52
27 1 58
27 7 67
27 2 72
27 3 78
27 2 95
27 1 98
28 3 29
28 2 31
28 8 37
28 9 39
28 2 43
28 7 60
28 2 62
28 5 64
28 5 66
28 2 69
28 8 75
28 8 76
28 8 82
28 7 86
28 6 87
28 10 88
28 2 96
28 4 97
29 5 35
29 7 38
29 2 40
29 4 42
29 9 44
29 4 46
29 6 49
29 2 50
29 4 57
29 3 59
29 6 60
29 4 61
29 7 66
29 7 78
29 4 85
29 8 95
29 5 96
30 5 33
30 2 44
30 6 46
30 10 51
30 7 54
30 5 58
30 7 67
30 6 72
30 5 76
30 3 82
30 1 86
30 4 87
30 4 90
30 4 91
30 3 92
30 8 96
30 4 98
31 1 32
31 5 47
31 3 50
31 2 51
31 3 52
31 1 63
31 10 71
31 2 73
31 6 82
31 2 84
31 4 92
32 2 48
32 2 51
32 5 55
32 2 57
32 7 60
32 1 63
32 10 69
32 10 71
32 8 76
32 3 87
32 5 89
32 1 90
32 7 92
32 10 96
32 4 97
33 5 37
33 5 43
33 9 48
33 7 52
33 4 60
33 8 63
33 4 75
33 10 85
33 9 87
33 10 93
33 10 98
34 5 39
34 7 40
34 2 41
34 9 46
34 4 52
34 1 57
34 4 61
34 5 64
34 5 67
34 2 69
34 1 77
34 8 78
34 7 81
34 9 85
34 6 91
34 1 96
34 2 98
35 2 37
35 8 38
35 8 40
35 1 51
35 2 52
35 6 54
35 7 61
35 2 63
35 9 64
35 4 74
35 1 77
35 3 82
35 4 87
35 8 88
35 3 90
35 6 93
35 9 95
36 5 42
36 7 44
36 1 55
36 9 57
36 9 59
36 9 60
36 5 63
36 8 64
36 3 65
36 6 66
36 1 69
36 2 72
36 5 76
36 1 90
37 5 40
37 2 42
37 8 43
37 9 53
37 9 59
37 9 65
37 5 67
37 7 72
37 10 73
37 9 78
37 10 89
37 7 93
37 5 98
38 6 42
38 2 51
38 3 52
38 3 54
38 4 57
38 7 58
38 3 64
38 1 66
38 5 67
38 2 69
38 2 70
38 10 71
38 8 77
38 9 81
38 8 82
38 6 83
38 1 91
38 2 95
38 7 96
38 6 99
39 8 42
39 9 43
39 1 46
39 3 51
39 7 54
39 10 58
39 1 60
39 7 62
39 7 64
39 10 67
39 3 68
39 5 74
39 10 81
39 4 83
39 10 95
40 1 41
40 9 42
40 2 49
40 7 56
40 6 67
40 1 68
40 8 71
40 6 77
40 6 82
40 3 83
40 10 89
40 5 90
40 2 95
40 10 96
40 8 98
40 1 99
41 4 53
41 1 55
41 2 69
41 9 70
41 6 84
41 6 86
41 6 97
42 1 47
42 4 48
42 3 50
42 5 51
42 5 54
42 1 61
42 1 64
42 9 68
42 7 76
42 5 80
42 4 83
42 3 84
42 3 86
42 5 92
43 8 50
43 4 53
43 8 54
43 10 55
43 7 72
43 10 73
43 5 74
43 8 75
43 8 91
43 3 93
43 7 99
44 1 56
44 9 57
44 9 60
44 3 69
44 4 75
44 1 82
44 7 83
44 10 89
44 6 90
45 3 52
45 8 82
45 9 94
45 3 95
46 8 49
46 2 51
46 8 54
46 6 56
46 5 62
46 9 67
46 8 69
46 9 74
46 9 81
46 1 86
46 10 89
46 8 99
47 1 50
47 6 53
47 3 54
47 8 61
47 2 65
47 7 72
47 8 73
47 6 78
47 9 81
47 1 90
47 8 91
47 7 95
48 5 50
48 1 51
48 4 53
48 3 54
48 3 56
48 6 63
48 6 73
48 2 75
48 1 84
48 5 90
48 7 94
49 7 50
49 1 51
49 4 52
49 9 58
49 2 60
49 1 80
49 9 93
49 2 96
49 5 98
49 9 99
50 7 54
50 10 55
50 9 62
50 7 67
50 2 68
50 8 69
50 6 72
50 10 75
50 7 81
50 3 83
50 1 91
50 8 92
50 1 93
50 5 96
50 10 98
51 8 53
51 10 54
51 5 57
51 6 59
51 7 60
51 9 70
51 1 80
51 2 86
51 3 97
51 2 98
51 10 99
52 6 70
52 1 71
52 6 96
52 2 99
53 5 58
53 3 60
53 4 62
53 1 64
53 4 75
53 4 82
53 7 86
53 7 97
53 5 99
54 5 55
54 2 57
54 2 64
54 5 66
54 7 69
54 9 70
54 5 75
54 10 77
54 1 87
54 7 88
54 1 90
54 4 94
55 3 60
55 1 61
55 7 62
55 9 79
55 10 80
55 6 92
55 8 96
56 8 58
56 3 73
56 2 77
56 6 81
56 8 84
56 9 87
56 2 88
56 2 90
56 2 93
56 8 99
57 4 59
57 3 66
57 3 73
57 4 81
57 10 88
57 3 90
57 8 93
57 7 96
57 8 97
58 7 59
58 4 64
58 6 67
58 8 69
58 10 70
58 2 76
58 8 82
58 1 84
58 8 88
58 1 90
58 8 98
59 7 65
59 10 66
59 2 72
59 4 73
59 3 78
59 3 81
59 9 84
59 9 90
59 10 91
59 7 93
60 2 61
60 5 62
60 10 63
60 7 68
60 2 82
60 10 88
60 5 90
60 4 94
60 4 99
61 5 63
61 9 79
61 1 81
61 3 82
61 2 83
61 6 90
61 3 94
61 5 96
62 3 70
62 8 72
62 6 73
62 9 75
62 10 82
62 2 83
62 10 86
62 5 96
63 1 66
63 8 70
63 7 77
63 10 79
63 4 97
63 1 98
64 3 78
64 6 83
64 4 85
64 4 90
64 1 91
64 8 97
65 6 72
65 7 75
65 8 78
65 1 81
65 10 82
65 8 89
65 10 94
65 1 97
66 4 67
66 10 76
66 3 78
66 6 86
66 7 96
66 9 97
66 6 98
67 10 68
67 7 86
67 9 89
67 5 96
68 2 70
68 4 81
68 2 90
68 7 93
68 9 95
68 5 98
69 9 76
69 1 77
69 8 81
69 3 82
69 3 83
69 5 89
69 8 90
69 9 97
69 5 98
70 9 73
70 5 75
70 1 76
70 1 83
70 3 85
70 4 96
70 4 97
70 5 99
71 4 80
71 4 84
71 9 86
71 8 90
71 5 92
71 10 95
72 6 74
72 4 78
72 4 88
72 9 89
72 1 91
72 3 95
72 6 97
72 6 99
73 1 76
73 9 83
74 2 77
74 9 80
74 4 88
74 5 89
74 8 91
74 7 93
75 6 77
75 4 80
75 10 81
75 9 96
75 4 97
76 10 77
76 10 83
76 8 88
76 8 91
76 6 95
76 6 98
77 6 79
77 3 87
77 7 90
77 4 95
78 6 97
79 8 80
79 10 83
79 4 84
79 4 86
79 9 89
79 4 90
79 5 94
80 6 93
80 9 94
80 7 98
80 1 99
81 8 82
81 2 94
81 1 96
81 7 99
82 1 84
82 5 87
82 1 89
82 1 96
83 7 86
83 1 87
83 6 88
83 7 97
83 8 99
84 4 88
84 3 92
84 10 94
84 2 99
85 6 86
85 1 88
85 5 92
86 9 91
86 6 92
86 4 93
86 5 94
86 1 96
86 1 98
88 7 90
88 10 91
88 1 94
88 10 97
89 8 91
89 10 92
89 5 96
90 8 92
90 10 93
90 10 95
91 8 92
92 4 95
92 10 96
92 9 98
94 4 96
94 10 97
94 3 98
95 1 98
95 5 99
96 5 97
97 7 99
