100
0 1 1
0 1 3
0 9 5
0 1 11
0 7 12
0 2 13
0 3 16
0 3 23
0 7 24
0 1 25
0 7 26
0 10 29
0 7 38
0 9 39
0 6 40
0 1 42
0 7 46
0 5 50
0 1 55
0 10 56
0 3 57
0 3 59
0 8 62
0 3 63
0 7 68
0 2 69
0 6 70
0 10 71
0 8 73
0 4 77
0 10 78
0 6 81
0 3 84
0 5 85
0 10 92
0 8 93
0 9 97
1 4 3
1 4 6
1 10 8
1 6 11
1 6 14
1 3 20
1 6 26
1 4 27
1 4 37
1 6 46
1 9 47
1 7 48
1 7 49
1 1 51
1 7 56
1 7 59
1 1 60
1 8 61
1 6 65
1 8 68
1 9 69
1 10 73
1 2 77
1 6 78
1 8 79
1 1 83
1 9 84
1 2 86
1 7 88
1 8 90
1 10 92
1 4 93
1 7 95
1 3 97
1 3 98
2 1 5
2 1 10
2 7 17
2 4 25
2 6 26
2 7 27
2 9 29
2 3 31
2 10 32
2 8 33
2 3 37
2 4 39
2 5 40
2 6 41
2 7 42
2 6 44
2 7 47
2 7 49
2 9 59
2 4 60
2 2 61
2 2 68
2 1 70
2 5 71
2 6 73
2 8 74
2 7 75
2 1 78
2 10 79
2 6 81
2 2 83
2 3 84
2 10 87
2 5 88
2 6 89
2 6 90
2 4 91
2 5 92
2 3 93
2 10 94
2 2 95
2 8 98
3 10 5
3 9 7
3 7 8
3 6 9
3 4 16
3 1 19
3 7 20
3 9 22
3 10 25
3 1 28
3 9 29
3 10 30
3 4 33
3 3 34
3 8 35
3 10 36
3 4 37
3 1 38
3 3 46
3 6 47
3 5 48
3 9 52
3 8 55
3 5 57
3 6 58
3 5 60
3 9 61
3 8 64
3 2 65
3 1 66
3 8 67
3 10 72
3 1 73
3 3 81
3 2 82
3 2 83
3 1 84
3 10 85
3 7 89
3 4 90
3 5 91
3 3 92
3 10 96
3 8 98
4 4 5
4 1 8
4 8 12
4 2 13
4 5 16
4 1 19
4 3 22
4 2 23
4 3 26
4 5 27
4 10 30
4 10 33
4 7 36
4 4 37
4 2 39
4 9 40
4 4 43
4 7 44
4 2 50
4 4 54
4 9 55
4 10 57
4 10 60
4 6 61
4 7 65
4 8 69
4 9 71
4 5 72
4 2 73
4 10 75
4 6 76
4 2 79
4 9 82
4 1 83
4 1 86
4 2 87
4 9 90
4 7 92
4 8 93
4 10 94
4 9 96
4 4 99
5 4 8
5 2 10
5 3 12
5 8 21
5 4 22
5 10 24
5 8 25
5 6 26
5 9 27
5 9 30
5 4 34
5 10 37
5 10 48
5 6 49
5 9 50
5 6 61
5 3 63
5 7 68
5 5 70
5 8 77
5 1 78
5 3 79
5 3 82
5 9 87
5 7 90
5 5 94
5 5 96
5 4 98
5 1 99
6 3 7
6 6 12
6 2 15
6 6 17
6 6 18
6 9 24
6 9 27
6 8 28
6 10 37
6 7 38
6 3 39
6 1 40
6 5 41
6 8 49
6 7 51
6 3 53
6 1 55
6 1 59
6 10 60
6 5 61
6 6 62
6 8 63
6 4 65
6 7 71
6 5 73
6 9 77
6 9 78
6 3 80
6 2 82
6 2 84
6 3 85
6 7 89
7 3 8
7 4 12
7 3 13
7 7 17
7 6 18
7 2 24
7 4 27
7 4 30
7 4 33
7 1 34
7 7 35
7 4 36
7 1 37
7 6 39
7 8 41
7 6 42
7 6 44
7 7 45
7 10 46
7 9 47
7 3 48
7 8 49
7 3 52
7 7 53
7 7 57
7 4 58
7 10 69
7 7 70
7 8 71
7 8 73
7 3 79
7 9 82
7 10 83
7 9 96
7 10 97
8 10 20
8 2 24
8 3 26
8 8 28
8 10 29
8 2 30
8 7 32
8 3 35
8 4 40
8 3 48
8 10 49
8 2 50
8 6 52
8 9 53
8 10 54
8 7 56
8 1 60
8 3 62
8 7 63
8 1 65
8 8 67
8 6 68
8 6 69
8 1 71
8 1 74
8 9 76
8 1 78
8 5 82
8 10 84
8 4 85
8 5 87
8 8 88
8 3 90
8 10 91
8 9 97
9 2 11
9 10 15
9 6 17
9 6 18
9 9 19
9 3 21
9 9 22
9 5 24
9 10 26
9 5 28
9 10 29
9 10 30
9 4 31
9 9 34
9 1 36
9 8 43
9 1 45
9 1 49
9 5 50
9 7 52
9 2 53
9 5 54
9 8 55
9 6 57
9 8 59
9 6 64
9 5 68
9 9 71
9 5 73
9 9 74
9 8 75
9 7 77
9 6 80
9 3 81
9 6 84
9 4 85
9 3 87
9 10 88
9 8 89
9 5 91
9 9 93
9 10 94
9 4 96
9 7 97
9 8 98
10 6 11
10 9 14
10 9 15
10 10 16
10 8 18
10 7 19
10 6 20
10 3 22
10 6 28
10 1 31
10 6 34
10 5 36
10 8 37
10 2 39
10 10 41
10 8 42
10 3 44
10 7 45
10 3 48
10 4 49
10 2 51
10 9 55
10 10 56
10 3 58
10 1 59
10 7 62
10 5 63
10 9 64
10 3 65
10 2 68
10 1 69
10 1 73
10 3 75
10 3 80
10 10 85
10 10 86
10 10 87
10 8 88
10 6 89
10 5 92
10 9 93
11 1 18
11 1 21
11 10 22
11 8 23
11 5 26
11 1 27
11 9 32
11 4 33
11 4 34
11 4 35
11 8 44
11 4 45
11 6 46
11 8 48
11 5 55
11 7 65
11 1 66
11 9 67
11 3 69
11 2 71
11 1 73
11 5 94
11 9 95
11 2 96
11 4 98
12 2 13
12 2 17
12 9 20
12 10 27
12 2 28
12 3 32
12 3 36
12 1 38
12 9 41
12 3 44
12 3 48
12 2 50
12 5 52
12 4 53
12 4 55
12 10 56
12 9 57
12 7 58
12 3 62
12 7 66
12 9 67
12 6 69
12 8 74
12 8 76
12 3 78
12 1 79
12 5 83
12 10 86
12 8 88
12 8 89
12 10 92
12 6 94
12 5 97
12 2 98
13 2 16
13 1 25
13 1 26
13 8 31
13 7 33
13 7 38
13 7 45
13 3 47
13 8 48
13 7 54
13 1 55
13 8 56
13 2 59
13 10 62
13 9 64
13 9 67
13 3 71
13 8 72
13 5 79
13 5 82
13 1 84
13 3 89
13 4 92
13 8 94
13 3 96
13 8 98
13 7 99
14 6 16
14 9 17
14 10 21
14 9 24
14 4 26
14 7 31
14 8 32
14 7 35
14 2 37
14 10 38
14 1 39
14 2 42
14 7 43
14 9 45
14 6 49
14 3 51
14 3 54
14 10 55
14 2 57
14 8 63
14 1 64
14 2 65
14 4 68
14 2 71
14 10 73
14 7 76
14 3 81
14 1 82
14 5 87
14 2 89
14 6 92
14 1 95
14 4 96
15 6 17
15 6 19
15 8 21
15 9 25
15 10 26
15 4 27
15 2 28
15 7 33
15 4 36
15 4 38
15 5 40
15 8 41
15 3 43
15 10 51
15 4 53
15 3 56
15 6 57
15 2 62
15 3 64
15 9 65
15 2 66
15 8 67
15 2 68
15 3 69
15 4 70
15 3 75
15 10 77
15 4 81
15 9 82
15 4 83
15 3 84
15 2 86
15 5 87
15 1 89
15 5 90
15 5 92
15 6 93
15 3 94
15 4 95
15 10 96
16 9 18
16 9 19
16 10 24
16 2 25
16 3 28
16 10 29
16 6 34
16 8 37
16 10 47
16 4 50
16 2 51
16 3 52
16 10 53
16 8 60
16 6 64
16 7 68
16 6 74
16 2 76
16 3 79
16 8 81
16 3 82
16 8 83
16 5 85
16 10 87
16 6 91
16 2 92
16 6 93
16 3 94
16 6 97
17 6 18
17 8 19
17 1 21
17 2 23
17 7 24
17 9 35
17 7 39
17 6 41
17 1 44
17 6 46
17 9 47
17 4 54
17 7 57
17 7 59
17 1 60
17 5 61
17 2 64
17 4 69
17 3 74
17 6 75
17 5 77
17 5 80
17 4 81
17 1 82
17 5 84
17 6 86
17 5 87
17 10 91
17 3 92
17 3 93
17 9 94
17 5 95
17 9 96
17 2 97
18 6 23
18 1 24
18 9 25
18 3 28
18 4 31
18 5 38
18 8 40
18 1 41
18 5 42
18 8 43
18 3 46
18 7 48
18 8 49
18 7 51
18 4 52
18 6 55
18 4 63
18 10 64
18 3 66
18 7 69
18 1 74
18 6 76
18 8 79
18 2 80
18 7 83
18 3 85
18 9 86
18 7 90
18 1 92
18 8 94
18 3 96
19 9 21
19 2 23
19 9 24
19 7 26
19 1 29
19 4 31
19 7 33
19 6 34
19 7 35
19 10 36
19 8 41
19 7 42
19 2 43
19 3 49
19 5 55
19 1 60
19 3 61
19 5 64
19 3 67
19 3 68
19 3 71
19 7 73
19 2 80
19 7 81
19 1 84
19 5 89
19 2 99
20 10 21
20 7 22
20 9 26
20 5 27
20 8 32
20 4 38
20 7 39
20 7 41
20 2 45
20 7 46
20 7 48
20 2 51
20 10 54
20 3 55
20 5 57
20 3 58
20 2 61
20 5 62
20 9 64
20 5 65
20 7 67
20 7 68
20 9 74
20 3 76
20 7 80
20 9 84
20 7 86
20 9 89
20 6 92
20 10 97
21 8 26
21 10 27
21 6 33
21 7 35
21 2 41
21 5 44
21 1 55
21 5 58
21 4 59
21 5 60
21 1 61
21 9 62
21 3 63
21 7 64
21 4 66
21 7 67
21 2 69
21 5 70
21 6 72
21 9 74
21 1 77
21 6 78
21 2 79
21 4 82
21 1 83
21 3 87
21 1 89
21 8 97
21 4 98
21 5 99
22 10 24
22 2 32
22 8 34
22 8 39
22 7 40
22 6 43
22 6 46
22 5 47
22 1 49
22 8 52
22 3 54
22 9 55
22 1 63
22 9 65
22 10 66
22 3 68
22 3 72
22 8 75
22 7 77
22 1 83
22 8 84
22 8 85
22 8 86
22 8 87
22 9 94
22 5 99
23 4 26
23 4 28
23 7 29
23 10 30
23 1 35
23 7 36
23 1 38
23 4 40
23 10 41
23 6 44
23 5 45
23 9 46
23 5 48
23 1 49
23 10 50
23 10 51
23 10 52
23 9 57
23 1 60
23 6 67
23 8 68
23 2 69
23 10 72
23 7 74
23 6 75
23 2 79
23 3 82
23 10 85
23 2 87
23 9 89
23 8 90
23 5 91
23 2 92
23 5 93
23 1 94
23 6 98
23 7 99
24 7 25
24 8 26
24 2 27
24 6 28
24 7 32
24 4 36
24 3 37
24 5 38
24 7 39
24 6 41
24 5 42
24 6 43
24 2 44
24 4 56
24 6 57
24 4 69
24 10 74
24 8 77
24 5 80
24 10 81
24 6 82
24 9 83
24 7 87
24 10 90
24 7 91
24 3 95
24 4 96
25 10 26
25 2 28
25 5 32
25 8 33
25 5 37
25 1 40
25 3 42
25 3 43
25 8 44
25 1 45
25 1 47
25 8 51
25 1 53
25 10 54
25 10 57
25 7 58
25 7 66
25 6 72
25 3 76
25 3 77
25 7 78
25 9 82
25 4 85
25 3 86
25 5 93
25 7 94
25 8 96
26 10 27
26 3 30
26 4 36
26 9 37
26 9 38
26 7 40
26 1 43
26 4 47
26 1 53
26 10 54
26 6 59
26 2 61
26 5 66
26 8 67
26 4 69
26 9 70
26 5 72
26 7 73
26 7 74
26 3 80
26 5 81
26 10 83
26 2 86
26 7 88
26 3 90
26 1 91
26 7 93
26 7 95
27 5 28
27 1 31
27 8 34
27 8 36
27 7 41
27 2 45
27 5 46
27 2 47
27 1 48
27 1 50
27 2 51
27 1 52
27 4 55
27 1 58
27 4 59
27 1 60
27 9 62
27 7 67
27 4 68
27 9 70
27 10 72
27 2 74
27 4 76
27 5 77
27 3 78
27 8 79
27 5 82
27 6 83
27 5 86
27 5 88
27 9 89
27 2 95
27 8 96
27 1 98
28 3 29
28 2 31
28 10 34
28 4 37
28 9 39
28 9 43
28 7 45
28 4 48
28 10 57
28 9 58
28 7 60
28 2 62
28 7 64
28 8 66
28 2 69
28 3 72
28 9 73
28 2 74
28 8 75
28 8 76
28 3 78
28 8 82
28 5 84
28 3 86
28 6 87
28 10 88
28 1 95
28 2 96
28 8 97
29 5 33
29 5 35
29 1 37
29 7 38
29 2 40
29 7 41
29 4 42
29 9 44
29 4 46
29 8 48
29 6 49
29 2 50
29 7 57
29 1 58
29 3 59
29 6 60
29 4 61
29 2 65
29 7 66
29 1 69
29 3 72
29 1 74
29 7 77
29 7 78
29 3 79
29 2 84
29 4 85
29 9 86
29 7 88
29 5 89
29 6 92
29 8 95
29 5 96
30 5 33
30 5 36
30 8 37
30 5 39
30 2 44
30 6 46
30 3 49
30 10 51
30 7 54
30 4 55
30 5 58
30 7 67
30 4 72
30 10 73
30 6 75
30 5 76
30 8 79
30 3 82
30 3 85
30 1 86
30 4 87
30 2 88
30 4 90
30 10 91
30 9 92
30 9 96
30 4 98
31 1 32
31 3 46
31 5 47
31 3 50
31 2 51
31 3 52
31 1 56
31 3 57
31 1 60
31 10 61
31 5 63
31 8 66
31 10 71
31 3 73
31 6 78
31 9 79
31 6 82
31 6 84
31 9 87
31 5 90
31 4 92
31 8 96
31 4 98
32 5 36
32 3 38
32 2 48
32 7 49
32 2 51
32 8 53
32 5 55
32 2 57
32 7 60
32 2 61
32 1 63
32 8 66
32 8 69
32 10 71
32 4 74
32 8 76
32 7 80
32 9 83
32 7 84
32 6 85
32 5 87
32 5 89
32 1 90
32 7 92
32 10 96
32 4 97
33 5 37
33 5 43
33 6 48
33 6 49
33 5 51
33 7 52
33 4 60
33 2 61
33 8 63
33 3 68
33 8 69
33 8 72
33 4 75
33 4 76
33 9 78
33 8 81
33 10 85
33 9 86
33 9 87
33 9 89
33 6 91
33 10 93
33 8 95
33 7 98
34 9 37
34 10 38
34 5 39
34 7 40
34 2 41
34 7 46
34 5 47
34 9 48
34 1 52
34 2 55
34 1 57
34 8 59
34 4 61
34 5 64
34 3 65
34 5 67
34 8 69
34 8 72
34 1 77
34 8 78
34 6 81
34 3 84
34 9 85
34 1 87
34 6 91
34 10 94
34 1 96
34 10 98
35 2 37
35 8 38
35 8 40
35 10 42
35 2 44
35 3 46
35 1 49
35 1 51
35 2 52
35 6 54
35 2 57
35 3 58
35 2 60
35 7 61
35 2 63
35 9 64
35 5 65
35 5 73
35 8 74
35 1 76
35 1 77
35 3 82
35 4 87
35 8 88
35 3 90
35 6 93
35 2 95
35 3 96
36 9 40
36 5 42
36 6 43
36 8 44
36 2 49
36 7 50
36 8 52
36 8 53
36 1 55
36 2 56
36 9 57
36 4 58
36 6 59
36 7 60
36 5 63
36 6 64
36 9 65
36 6 66
36 7 67
36 1 69
36 1 71
36 2 72
36 5 76
36 1 90
36 8 94
37 5 40
37 2 42
37 8 43
37 5 45
37 7 50
37 9 53
37 2 55
37 8 58
37 9 59
37 7 64
37 9 65
37 5 67
37 4 72
37 9 73
37 6 74
37 9 78
37 3 79
37 2 80
37 2 89
37 7 93
37 5 94
37 5 98
38 6 42
38 5 45
38 9 50
38 2 51
38 3 52
38 2 54
38 1 56
38 2 57
38 7 58
38 10 59
38 3 64
38 1 66
38 5 67
38 9 68
38 2 69
38 2 70
38 7 71
38 8 73
38 2 76
38 8 77
38 9 81
38 8 82
38 6 83
38 4 89
38 1 91
38 6 93
38 2 95
38 7 96
38 3 97
38 6 99
39 6 41
39 8 42
39 9 43
39 1 46
39 7 47
39 3 51
39 7 54
39 10 58
39 1 60
39 7 62
39 7 63
39 7 64
39 4 65
39 9 66
39 10 67
39 3 68
39 5 74
39 10 81
39 3 82
39 4 83
39 3 85
39 4 92
39 6 93
39 10 95
39 10 97
40 1 41
40 4 42
40 2 46
40 5 49
40 7 56
40 10 67
40 1 68
40 8 71
40 6 77
40 4 82
40 3 83
40 10 86
40 5 88
40 10 89
40 1 90
40 5 91
40 4 95
40 9 96
40 7 97
40 8 98
40 1 99
41 9 43
41 3 52
41 4 53
41 1 55
41 10 57
41 1 66
41 2 69
41 9 70
41 5 75
41 6 84
41 6 86
41 8 87
41 7 88
41 9 89
41 1 90
41 6 97
41 3 98
42 1 44
42 6 45
42 1 47
42 4 48
42 3 50
42 5 51
42 4 52
42 7 53
42 5 54
42 4 61
42 5 63
42 1 64
42 9 68
42 5 70
42 1 73
42 8 74
42 7 76
42 5 80
42 4 83
42 7 84
42 3 86
42 8 87
42 5 92
42 9 94
43 4 44
43 4 45
43 4 46
43 7 48
43 7 50
43 4 53
43 1 54
43 10 55
43 9 66
43 9 69
43 2 70
43 7 72
43 10 73
43 5 74
43 8 75
43 2 78
43 9 83
43 7 86
43 8 91
43 3 93
43 7 99
44 7 45
44 9 47
44 10 55
44 1 56
44 8 57
44 9 60
44 6 67
44 3 69
44 1 70
44 4 75
44 1 76
44 3 77
44 9 82
44 7 83
44 5 89
44 10 90
44 10 98
44 4 99
45 3 52
45 8 56
45 8 62
45 7 69
45 7 71
45 9 73
45 2 76
45 4 81
45 8 82
45 8 85
45 7 87
45 1 92
45 4 94
45 5 95
46 9 49
46 4 51
46 10 53
46 8 54
46 8 55
46 6 56
46 3 58
46 7 59
46 5 60
46 2 62
46 9 67
46 5 69
46 9 74
46 7 76
46 10 77
46 8 78
46 2 80
46 9 81
46 3 83
46 2 84
46 1 86
46 10 89
46 1 90
46 5 91
46 5 94
46 10 99
47 1 50
47 4 53
47 3 54
47 8 61
47 2 64
47 2 65
47 6 68
47 5 70
47 7 72
47 8 73
47 5 74
47 8 75
47 6 78
47 7 79
47 1 81
47 9 82
47 1 83
47 3 85
47 2 86
47 10 89
47 1 90
47 8 91
47 7 95
47 2 98
48 5 50
48 1 51
48 4 53
48 3 54
48 3 56
48 6 63
48 6 73
48 2 75
48 1 82
48 1 84
48 5 85
48 6 87
48 5 90
48 2 91
48 6 92
48 6 93
48 7 94
48 3 99
49 7 50
49 1 51
49 4 52
49 10 53
49 4 56
49 4 57
49 9 58
49 1 59
49 2 60
49 5 62
49 3 65
49 9 66
49 3 70
49 1 74
49 2 78
49 1 80
49 8 81
49 4 83
49 1 89
49 10 92
49 9 93
49 2 96
49 5 98
49 9 99
50 4 51
50 7 54
50 10 55
50 4 60
50 9 62
50 7 67
50 2 68
50 8 69
50 6 72
50 2 75
50 7 81
50 5 83
50 9 86
50 10 89
50 1 91
50 1 92
50 1 93
50 5 96
50 7 97
50 10 98
51 8 53
51 6 54
51 5 57
51 3 59
51 7 60
51 6 63
51 9 70
51 6 73
51 1 79
51 2 80
51 5 81
51 4 83
51 3 85
51 2 86
51 10 87
51 6 90
51 8 91
51 7 96
51 2 97
51 2 98
51 9 99
52 5 54
52 6 57
52 6 70
52 1 71
52 5 79
52 4 89
52 3 96
52 2 99
53 8 58
53 6 60
53 4 62
53 1 64
53 3 72
53 10 75
53 2 78
53 2 80
53 8 81
53 5 82
53 7 86
53 3 90
53 2 92
53 6 96
53 7 97
53 8 98
53 5 99
54 5 55
54 2 57
54 2 64
54 5 66
54 5 68
54 7 69
54 9 70
54 5 75
54 8 76
54 10 77
54 2 80
54 2 82
54 10 87
54 7 88
54 1 90
54 4 94
54 8 97
54 1 98
54 2 99
55 5 56
55 7 58
55 3 60
55 1 61
55 7 62
55 2 64
55 10 71
55 9 79
55 10 80
55 6 84
55 9 87
55 6 92
55 8 93
55 8 96
56 8 58
56 2 67
56 3 73
56 9 75
56 2 77
56 6 80
56 6 81
56 4 84
56 3 86
56 9 87
56 2 88
56 2 90
56 2 92
56 2 93
56 9 97
56 4 98
56 8 99
57 7 58
57 4 59
57 4 64
57 3 66
57 10 67
57 2 70
57 3 73
57 2 77
57 4 81
57 7 85
57 10 88
57 3 90
57 8 93
57 2 95
57 3 96
57 8 97
58 1 59
58 4 64
58 6 67
58 2 68
58 8 69
58 9 70
58 2 76
58 9 82
58 1 84
58 4 86
58 9 88
58 1 90
58 10 94
58 1 96
58 7 98
59 2 60
59 8 61
59 1 64
59 9 65
59 10 66
59 5 69
59 2 72
59 4 73
59 10 76
59 3 78
59 2 80
59 10 81
59 7 84
59 8 89
59 6 90
59 10 91
59 7 93
59 6 96
59 8 97
60 2 61
60 5 62
60 10 63
60 1 65
60 4 67
60 7 68
60 3 72
60 5 75
60 9 76
60 1 77
60 8 79
60 2 82
60 9 85
60 10 88
60 5 90
60 4 92
60 2 93
60 4 94
60 5 96
60 8 97
60 4 99
61 5 63
61 3 65
61 5 76
61 2 78
61 2 79
61 1 81
61 2 82
61 2 83
61 6 90
61 5 93
61 3 94
61 5 96
61 4 98
62 3 67
62 1 68
62 10 69
62 3 70
62 7 72
62 2 73
62 2 75
62 9 77
62 10 82
62 2 83
62 10 86
62 6 93
62 10 94
62 5 96
63 1 66
63 2 69
63 8 70
63 5 71
63 7 77
63 1 78
63 10 79
63 3 81
63 9 89
63 6 93
63 5 95
63 4 97
63 1 98
64 8 65
64 4 68
64 6 72
64 3 78
64 7 79
64 2 83
64 4 85
64 5 88
64 3 89
64 4 90
64 1 91
64 8 97
65 7 67
65 2 70
65 2 72
65 7 75
65 8 78
65 1 81
65 10 82
65 8 89
65 6 94
65 8 95
65 10 96
65 1 97
66 4 67
66 5 71
66 2 76
66 3 78
66 7 81
66 7 82
66 1 84
66 6 86
66 1 89
66 8 90
66 3 93
66 1 94
66 7 96
66 5 97
66 6 98
67 10 68
67 1 72
67 7 77
67 10 78
67 7 80
67 1 82
67 10 85
67 7 86
67 9 89
67 1 90
67 4 91
67 3 93
67 9 94
67 5 96
67 6 98
68 2 70
68 5 77
68 5 80
68 4 81
68 2 83
68 10 88
68 2 89
68 1 90
68 8 91
68 3 92
68 7 93
68 9 95
68 5 98
69 9 74
69 9 76
69 1 77
69 1 78
69 8 81
69 3 82
69 3 83
69 2 84
69 5 89
69 8 90
69 1 95
69 9 97
69 5 98
70 2 72
70 9 73
70 5 75
70 1 76
70 8 80
70 1 83
70 9 85
70 3 90
70 8 96
70 4 97
70 9 99
71 9 74
71 9 78
71 8 80
71 4 84
71 6 85
71 3 86
71 9 89
71 8 90
71 9 92
71 10 95
72 6 74
72 4 77
72 4 78
72 4 80
72 5 88
72 9 89
72 1 91
72 3 95
72 6 97
72 6 99
73 5 75
73 1 76
73 9 83
73 2 87
73 5 90
73 9 94
73 6 97
74 2 77
74 9 80
74 4 88
74 5 89
74 8 91
74 7 93
74 4 95
75 5 77
75 4 80
75 10 81
75 10 84
75 9 85
75 4 87
75 4 88
75 9 96
75 1 97
75 10 98
76 3 77
76 3 78
76 7 79
76 10 83
76 9 84
76 3 86
76 6 88
76 8 91
76 6 95
76 6 96
76 6 98
77 6 79
77 1 83
77 7 87
77 7 90
77 6 91
77 4 95
78 8 79
78 7 80
78 3 88
78 2 94
78 4 96
78 6 97
79 8 80
79 10 83
79 4 84
79 4 86
79 1 89
79 4 90
79 5 94
79 6 98
80 5 81
80 8 85
80 9 86
80 6 93
80 9 94
80 6 95
80 2 98
80 3 99
81 8 82
81 7 84
81 10 85
81 9 87
81 1 91
81 5 93
81 2 94
81 9 96
81 3 98
81 7 99
82 1 84
82 5 87
82 1 89
82 5 90
82 6 96
83 6 85
83 8 86
83 1 87
83 6 88
83 7 97
83 8 99
84 4 86
84 5 87
84 4 88
84 3 92
84 10 94
84 4 97
84 3 99
85 1 86
85 1 88
85 6 90
85 5 92
85 6 93
85 6 97
86 6 89
86 2 90
86 4 91
86 6 92
86 4 93
86 8 94
86 1 96
86 1 98
87 7 89
87 1 90
87 2 97
88 7 90
88 5 91
88 1 94
88 9 96
88 9 97
89 6 90
89 8 91
89 10 92
89 1 94
89 5 96
89 10 99
90 8 92
90 10 93
90 1 95
90 8 96
90 9 99
91 8 92
91 3 93
92 4 95
92 2 96
92 9 98
94 4 96
94 10 97
94 6 98
94 5 99
95 5 96
95 1 98
95 5 99
96 5 97
97 7 99
