1000
0 4 1
0 2 69
1 7 2
1 10 473
1 10 929
1 2 981
2 8 3
2 7 80
2 9 403
2 3 912
3 6 4
3 10 72
3 4 639
3 5 657
3 1 726
4 4 5
4 5 132
4 8 669
4 1 983
5 6 6
5 3 123
5 5 504
6 7 7
6 6 564
7 3 8
7 3 179
7 2 310
8 10 9
8 8 486
8 3 736
8 2 760
9 2 10
10 3 11
10 9 111
11 8 12
11 5 55
11 9 475
12 1 13
12 2 165
12 3 520
12 7 666
13 10 14
13 1 179
14 4 15
14 7 227
15 7 16
15 6 566
16 1 17
16 9 118
16 10 519
17 7 18
17 9 247
17 5 861
18 3 19
18 8 315
18 1 392
18 7 451
18 8 840
19 7 20
19 10 109
20 2 21
20 2 866
21 9 22
21 6 205
21 4 541
22 8 23
22 3 154
22 5 282
22 9 755
23 10 24
23 5 191
23 10 375
23 8 404
23 2 638
24 3 25
25 1 26
26 3 27
26 1 53
26 2 744
26 4 828
27 4 28
27 1 201
27 9 229
27 4 437
28 8 29
29 6 30
29 5 956
30 10 31
31 3 32
31 9 229
32 3 33
32 8 351
32 2 472
32 5 491
33 9 34
33 9 842
34 10 35
34 9 291
34 6 472
35 8 36
36 4 37
36 10 675
36 7 759
37 7 38
37 5 466
37 8 544
38 2 39
38 8 441
38 1 797
38 3 832
39 3 40
39 10 281
40 10 41
41 4 42
41 4 529
41 2 939
42 6 43
42 1 300
42 5 625
42 2 737
42 3 784
43 10 44
43 6 572
43 9 986
44 5 45
45 8 46
46 9 47
46 10 55
46 7 334
46 1 335
46 10 630
46 9 778
46 4 788
47 5 48
47 6 456
48 6 49
49 1 50
50 4 51
50 10 54
50 9 326
50 9 586
51 7 52
51 3 372
51 1 746
51 8 851
51 8 991
52 2 53
52 6 582
52 4 986
53 1 54
53 5 182
53 4 315
53 8 802
53 7 907
54 7 55
54 10 995
55 4 56
55 1 300
55 9 429
55 10 680
55 8 703
55 3 850
56 3 57
56 3 515
56 8 891
57 1 58
57 2 390
57 9 744
58 7 59
58 8 82
58 9 582
58 7 957
59 2 60
59 1 149
60 6 61
60 3 896
61 6 62
61 10 78
61 2 977
62 5 63
62 2 162
62 10 414
62 4 646
63 8 64
63 7 281
63 1 478
63 3 721
64 7 65
64 1 91
64 9 271
65 6 66
65 1 533
66 7 67
66 9 682
66 8 932
66 10 974
66 1 996
67 10 68
67 9 812
68 4 69
69 8 70
69 7 428
70 5 71
70 9 458
70 9 626
71 6 72
71 6 319
71 10 384
72 3 73
72 8 770
72 1 784
73 6 74
73 9 228
73 6 362
74 5 75
74 7 130
74 3 324
74 6 428
74 5 610
74 3 981
75 8 76
75 10 236
75 8 702
76 5 77
76 6 979
77 5 78
77 1 300
78 4 79
78 10 122
78 2 543
79 1 80
79 1 589
80 8 81
80 9 170
80 3 810
81 9 82
81 9 938
82 7 83
82 7 905
82 9 963
82 6 990
83 9 84
83 8 380
83 8 493
83 9 762
84 9 85
85 5 86
85 5 268
85 1 604
86 4 87
87 2 88
87 7 143
88 5 89
88 7 241
88 2 503
88 4 772
88 10 914
89 10 90
89 5 797
90 3 91
90 2 202
90 8 969
91 1 92
91 6 216
91 2 381
91 1 465
92 7 93
92 3 339
92 3 438
92 9 849
93 9 94
93 8 400
94 10 95
94 3 254
94 5 537
95 3 96
96 7 97
96 2 107
96 5 212
96 4 716
97 7 98
98 5 99
99 10 100
100 6 101
101 1 102
101 1 583
101 7 849
102 5 103
103 9 104
103 1 603
103 3 783
104 8 105
104 6 193
104 1 863
105 2 106
106 8 107
106 7 485
107 3 108
107 7 204
107 10 211
107 4 758
108 8 109
108 2 150
108 7 163
109 3 110
109 8 186
109 6 218
109 9 554
110 3 111
110 8 702
111 7 112
111 10 241
112 2 113
112 10 727
113 1 114
113 8 435
114 7 115
114 1 612
114 7 643
115 2 116
116 6 117
116 8 354
116 5 732
116 6 955
117 10 118
117 4 304
117 6 540
118 5 119
118 1 474
118 8 889
119 10 120
120 1 121
120 7 446
120 10 540
120 9 690
120 9 789
121 10 122
121 10 800
122 2 123
122 10 264
122 10 435
123 8 124
123 10 277
123 2 804
124 8 125
124 4 169
124 9 203
124 10 381
124 9 609
124 10 929
125 2 126
125 9 131
125 2 669
125 4 885
126 2 127
126 9 137
126 9 611
127 6 128
127 2 347
127 5 426
127 7 601
128 10 129
128 4 649
128 8 828
128 6 897
129 8 130
129 9 256
129 3 328
130 8 131
130 3 197
130 6 675
131 7 132
131 1 190
131 7 235
132 8 133
132 4 538
132 8 913
133 4 134
134 7 135
134 6 816
135 6 136
135 5 596
136 7 137
136 6 559
136 9 859
137 4 138
137 5 386
137 6 727
138 10 139
138 6 907
138 10 958
139 5 140
139 5 878
140 9 141
140 5 365
141 2 142
141 6 184
142 3 143
142 6 645
142 9 990
143 10 144
143 7 286
143 10 537
144 4 145
144 2 410
145 10 146
145 6 576
145 4 725
145 1 941
146 1 147
146 9 336
146 1 428
146 6 485
146 1 939
147 9 148
147 8 370
147 4 707
148 9 149
149 6 150
149 2 770
149 1 918
150 1 151
150 10 153
150 8 715
151 10 152
151 9 347
151 7 360
151 6 790
152 7 153
152 4 558
153 4 154
153 2 592
154 9 155
154 6 380
154 10 871
154 1 975
155 6 156
155 2 261
155 3 500
155 9 573
156 7 157
156 9 617
156 8 645
157 2 158
157 1 173
157 3 393
157 4 552
157 7 732
157 10 777
158 2 159
159 6 160
159 10 532
160 10 161
160 8 635
161 9 162
161 4 235
161 1 388
161 6 604
162 5 163
163 9 164
164 2 165
164 5 901
165 1 166
165 8 348
166 4 167
166 8 364
166 6 386
166 3 719
167 1 168
168 5 169
168 10 865
168 8 941
168 4 991
169 5 170
169 6 777
170 5 171
171 5 172
171 10 886
172 8 173
172 3 177
172 2 529
172 10 925
173 7 174
173 7 607
174 4 175
174 7 544
174 5 658
175 2 176
175 3 210
176 10 177
176 3 368
176 2 982
177 6 178
177 10 746
178 10 179
179 7 180
179 7 753
180 3 181
181 2 182
181 6 587
181 1 983
182 8 183
182 3 861
183 9 184
183 6 533
183 1 717
183 7 902
184 6 185
184 1 789
185 8 186
185 1 786
186 5 187
186 4 272
186 6 417
186 7 526
186 3 630
187 2 188
187 7 408
187 6 459
187 8 476
187 5 944
188 9 189
188 10 474
189 6 190
189 4 440
189 8 509
189 5 799
190 10 191
190 10 537
190 8 690
190 5 864
190 6 989
191 8 192
191 7 431
191 6 911
192 6 193
192 1 270
192 9 319
192 10 389
192 1 450
192 2 523
192 4 539
193 4 194
193 8 289
194 9 195
194 9 673
195 9 196
195 3 290
195 1 481
195 9 836
196 4 197
196 3 451
196 2 466
196 1 924
197 2 198
198 9 199
199 10 200
199 1 934
200 7 201
200 5 385
200 10 878
201 5 202
202 4 203
202 7 387
202 6 689
202 4 855
203 4 204
203 10 530
204 4 205
204 4 538
205 9 206
205 9 411
205 6 826
206 7 207
206 7 598
206 1 828
207 1 208
207 9 947
208 5 209
208 1 802
209 9 210
210 9 211
210 1 290
210 5 724
210 6 734
211 9 212
212 10 213
212 9 706
213 8 214
213 3 271
214 8 215
214 2 492
215 7 216
215 9 412
215 3 475
215 3 945
216 5 217
216 9 319
216 10 446
216 8 466
216 6 564
216 5 585
217 4 218
218 1 219
218 2 225
218 10 477
219 4 220
219 7 304
219 10 871
220 1 221
220 6 759
221 10 222
221 3 504
222 10 223
222 6 543
222 9 818
223 6 224
223 5 829
224 5 225
224 7 825
225 1 226
225 8 342
226 6 227
226 7 694
226 10 765
227 10 228
227 3 387
228 5 229
228 1 424
228 2 831
229 7 230
229 3 447
229 10 498
230 10 231
230 10 294
230 7 577
230 8 872
231 3 232
231 1 763
232 3 233
233 5 234
234 8 235
234 10 817
235 8 236
235 2 757
236 6 237
237 5 238
237 10 589
238 9 239
238 8 533
238 5 700
239 2 240
240 3 241
240 9 295
240 10 572
241 9 242
241 4 930
242 10 243
242 10 752
243 4 244
243 10 536
244 7 245
244 6 567
244 8 757
245 9 246
246 1 247
246 5 969
247 3 248
247 10 606
247 6 853
247 7 872
248 2 249
249 1 250
249 8 632
249 2 655
249 4 809
250 6 251
250 5 263
250 3 926
250 3 927
250 5 942
251 2 252
252 2 253
253 1 254
254 9 255
254 10 917
255 6 256
255 6 381
255 1 638
255 5 856
255 10 878
256 1 257
256 2 361
256 7 640
257 7 258
257 7 296
257 7 317
257 10 685
257 3 736
258 5 259
258 8 330
259 7 260
259 2 484
260 3 261
260 5 306
260 10 316
260 1 408
260 4 499
260 10 718
261 6 262
262 9 263
263 7 264
263 9 506
263 10 688
264 3 265
264 2 554
265 9 266
265 6 394
266 5 267
267 8 268
267 1 762
268 3 269
268 8 701
269 5 270
269 6 529
269 2 884
270 1 271
271 7 272
271 1 660
272 3 273
273 10 274
274 10 275
275 1 276
275 8 709
276 9 277
276 7 412
276 8 591
276 4 604
277 2 278
277 6 593
277 4 661
277 7 966
278 4 279
278 5 405
279 2 280
279 9 633
279 9 703
279 2 707
280 2 281
280 4 288
281 1 282
282 4 283
282 10 755
283 5 284
283 7 377
283 7 644
284 1 285
285 4 286
286 10 287
286 5 894
286 4 966
287 2 288
287 10 351
287 9 556
287 2 673
287 3 762
287 1 879
288 10 289
289 7 290
289 9 696
289 5 790
289 10 904
290 10 291
290 9 408
290 3 447
290 6 695
290 1 946
291 4 292
291 6 588
292 4 293
292 10 829
293 9 294
294 1 295
294 3 707
294 1 911
295 6 296
295 7 587
296 7 297
296 2 349
296 2 590
296 10 905
296 9 929
297 7 298
297 1 320
297 3 538
297 5 875
298 5 299
298 4 456
298 9 591
298 1 837
298 7 958
299 1 300
300 1 301
300 9 683
300 4 994
301 5 302
301 6 811
302 7 303
302 1 601
303 3 304
303 2 387
303 10 473
303 8 764
303 1 987
304 7 305
304 4 481
305 8 306
305 1 399
305 10 496
305 8 625
305 4 652
305 5 964
306 6 307
307 7 308
307 3 375
307 2 624
308 10 309
308 1 904
309 9 310
310 8 311
310 10 485
311 3 312
311 1 626
312 9 313
313 3 314
313 3 353
313 8 801
313 2 859
314 10 315
314 9 617
315 10 316
315 8 334
315 6 717
316 7 317
316 4 337
316 10 510
316 8 513
317 1 318
317 9 735
317 3 805
317 7 959
318 3 319
319 8 320
319 4 639
319 3 685
320 7 321
321 2 322
321 1 361
321 10 984
322 4 323
322 8 780
323 3 324
323 8 336
323 8 503
323 1 557
323 1 994
324 2 325
324 10 720
324 10 880
325 6 326
325 2 697
325 9 718
325 5 945
326 10 327
326 5 754
327 10 328
327 8 430
327 10 721
327 1 970
328 2 329
328 2 462
328 6 510
328 10 976
328 2 990
329 5 330
329 3 651
329 9 873
330 10 331
330 4 888
331 2 332
331 3 500
331 5 675
332 1 333
332 1 827
332 1 863
333 8 334
334 6 335
334 9 771
334 10 803
335 9 336
335 8 403
335 2 892
336 8 337
336 7 427
337 1 338
337 5 513
337 8 606
338 5 339
338 8 977
339 9 340
339 5 483
339 1 914
340 1 341
341 5 342
341 4 375
341 8 587
342 3 343
343 10 344
344 7 345
344 2 730
345 2 346
345 5 423
346 1 347
346 1 661
347 5 348
347 5 866
347 2 960
348 3 349
348 10 872
348 10 905
349 3 350
350 3 351
350 4 697
351 1 352
351 1 931
352 6 353
352 8 495
352 3 916
352 10 934
353 6 354
353 7 843
354 3 355
355 10 356
355 1 859
356 1 357
356 1 763
357 3 358
357 10 825
358 9 359
358 9 532
358 3 726
358 1 856
359 4 360
360 9 361
360 3 587
361 1 362
361 2 379
362 5 363
363 1 364
363 7 613
364 10 365
364 2 857
364 2 947
365 2 366
365 1 455
365 1 726
365 6 996
366 10 367
366 2 633
366 10 806
366 4 902
366 8 946
367 7 368
367 4 647
367 3 665
367 5 896
368 3 369
368 2 477
369 6 370
369 9 508
370 5 371
370 2 633
370 4 712
370 2 852
371 5 372
371 4 398
372 10 373
373 10 374
374 4 375
374 4 745
375 7 376
376 1 377
376 9 467
376 8 541
377 6 378
377 4 395
378 1 379
378 8 979
379 3 380
379 9 848
380 10 381
380 8 698
381 5 382
382 4 383
382 9 489
382 3 909
383 6 384
384 2 385
385 8 386
385 3 630
386 5 387
386 8 870
387 4 388
387 5 908
388 2 389
388 9 622
389 5 390
389 1 660
389 8 865
389 1 949
390 7 391
391 10 392
392 5 393
392 4 582
392 4 715
393 3 394
394 3 395
394 8 618
394 5 699
395 7 396
396 5 397
396 7 404
396 8 418
396 5 662
397 2 398
398 3 399
398 3 804
398 9 902
399 9 400
399 10 546
399 10 836
400 9 401
400 6 749
401 10 402
401 5 974
402 3 403
403 9 404
403 2 418
403 4 506
404 9 405
405 9 406
405 6 949
406 7 407
406 9 624
407 9 408
408 4 409
408 9 762
409 9 410
409 4 496
409 9 922
410 4 411
410 3 448
411 4 412
412 4 413
412 4 555
412 6 693
413 9 414
413 5 417
413 1 875
414 1 415
414 8 733
415 5 416
415 9 583
415 4 681
415 5 709
415 10 868
416 8 417
417 7 418
417 2 555
417 2 893
418 9 419
418 5 542
419 10 420
420 1 421
421 7 422
422 9 423
422 5 545
423 8 424
424 10 425
424 10 992
425 1 426
426 4 427
426 7 845
426 2 886
427 4 428
428 4 429
428 4 451
428 7 510
428 9 675
428 5 878
429 8 430
429 10 497
429 5 589
430 4 431
430 7 690
431 3 432
432 7 433
432 2 440
433 6 434
433 3 682
433 1 958
434 3 435
435 7 436
435 1 523
435 8 640
435 8 693
436 6 437
437 9 438
438 8 439
439 10 440
439 10 471
439 4 488
439 4 619
440 7 441
440 8 498
440 5 815
441 1 442
441 6 520
442 5 443
442 1 776
443 2 444
443 8 712
444 1 445
444 6 623
445 5 446
445 2 451
446 9 447
446 9 497
446 4 741
446 4 820
447 6 448
447 9 501
447 2 690
448 1 449
448 5 744
448 2 754
449 9 450
449 3 491
450 7 451
450 7 554
450 2 775
450 4 914
451 3 452
452 5 453
453 8 454
454 10 455
454 2 480
454 1 667
454 7 946
454 5 962
455 4 456
455 4 852
455 5 983
455 8 993
456 10 457
456 9 929
457 3 458
457 3 978
458 9 459
458 2 668
459 4 460
459 5 469
460 1 461
461 2 462
461 9 555
461 2 878
462 8 463
463 9 464
463 3 525
463 2 756
463 6 875
464 10 465
464 1 559
465 2 466
465 8 503
465 7 981
466 6 467
466 10 893
467 5 468
467 1 480
467 2 867
467 1 882
467 4 946
468 10 469
468 6 763
469 3 470
470 6 471
471 8 472
471 2 752
471 2 789
471 5 994
472 5 473
473 10 474
474 10 475
475 5 476
476 6 477
476 9 976
477 10 478
478 4 479
479 6 480
479 4 899
480 8 481
481 1 482
481 7 745
482 9 483
482 2 806
483 2 484
484 10 485
484 10 908
485 10 486
485 10 491
486 8 487
486 6 518
486 2 756
487 9 488
487 6 546
487 1 590
488 3 489
488 4 528
488 2 959
489 6 490
490 4 491
490 6 539
491 5 492
492 10 493
492 7 644
492 9 711
492 4 874
493 1 494
493 5 799
494 3 495
494 9 610
494 5 687
495 1 496
495 8 702
496 2 497
496 1 735
497 10 498
497 2 830
498 7 499
499 3 500
499 2 721
500 2 501
500 7 908
501 3 502
501 4 637
502 1 503
502 10 679
503 8 504
504 4 505
505 2 506
505 5 870
506 2 507
507 10 508
508 1 509
508 7 852
508 1 865
509 6 510
510 7 511
511 8 512
512 8 513
512 7 561
513 5 514
513 7 628
514 1 515
514 4 945
515 7 516
516 5 517
517 8 518
518 5 519
518 2 576
518 6 676
519 9 520
519 7 710
520 6 521
520 2 856
521 9 522
522 3 523
522 4 780
523 7 524
523 5 762
524 1 525
524 2 880
525 7 526
525 3 851
526 7 527
526 8 748
526 7 791
527 5 528
528 7 529
528 4 589
528 1 770
529 3 530
530 9 531
531 10 532
532 7 533
533 1 534
533 6 849
534 8 535
534 10 636
535 1 536
536 2 537
536 8 833
537 1 538
537 3 683
537 4 974
538 2 539
538 5 660
538 9 742
538 2 831
539 4 540
539 5 946
540 8 541
540 4 788
540 2 797
541 8 542
542 3 543
542 8 868
543 7 544
544 5 545
545 6 546
545 5 825
546 3 547
546 4 964
547 1 548
548 3 549
548 2 634
548 4 653
548 7 720
549 7 550
549 10 628
549 2 878
550 1 551
551 10 552
551 1 856
552 10 553
553 5 554
553 1 871
554 6 555
554 6 656
554 8 669
554 1 824
555 2 556
555 2 601
556 1 557
556 1 924
556 3 986
557 4 558
557 9 584
558 8 559
558 4 996
559 9 560
559 7 918
560 9 561
561 7 562
562 1 563
563 5 564
563 2 641
563 6 795
563 7 876
564 7 565
565 8 566
565 3 662
566 7 567
566 6 574
567 1 568
567 7 570
568 10 569
568 7 616
568 5 906
569 8 570
569 1 577
570 6 571
571 10 572
571 3 633
572 8 573
572 2 941
573 9 574
574 6 575
575 4 576
576 4 577
576 8 808
577 9 578
578 4 579
578 5 681
579 8 580
579 8 591
579 4 758
580 10 581
580 1 774
581 4 582
582 8 583
582 3 850
583 9 584
583 8 786
584 8 585
585 5 586
585 5 658
586 2 587
586 6 677
586 10 687
586 4 758
586 4 843
587 10 588
588 1 589
589 10 590
589 9 616
589 3 705
590 9 591
590 3 853
591 9 592
591 7 614
591 10 944
591 10 988
591 7 989
592 6 593
593 9 594
594 5 595
594 9 645
594 8 771
595 4 596
595 3 680
595 6 710
596 8 597
596 2 766
597 2 598
598 4 599
599 9 600
600 1 601
600 8 887
601 10 602
601 1 761
602 8 603
603 10 604
604 10 605
605 4 606
606 3 607
607 5 608
607 2 788
608 4 609
609 8 610
610 2 611
611 3 612
611 6 874
612 3 613
613 1 614
614 3 615
614 2 856
614 5 978
615 2 616
616 8 617
616 9 753
616 6 765
617 6 618
617 6 794
617 4 835
617 7 839
618 2 619
618 5 772
619 8 620
619 10 696
619 10 925
620 5 621
621 2 622
621 10 937
621 5 944
622 8 623
623 2 624
624 2 625
625 2 626
626 8 627
626 2 834
626 7 902
627 1 628
627 3 727
628 5 629
628 1 737
628 7 760
629 1 630
630 9 631
630 5 885
631 6 632
631 5 857
631 2 936
632 2 633
632 7 884
633 7 634
633 9 789
634 7 635
634 10 944
635 3 636
635 7 707
636 2 637
637 10 638
638 7 639
639 5 640
640 9 641
640 9 701
641 1 642
641 10 699
642 9 643
642 8 988
643 2 644
643 4 847
644 1 645
645 3 646
646 3 647
647 10 648
647 9 782
647 8 872
648 8 649
649 6 650
650 7 651
650 4 697
651 5 652
652 7 653
652 6 654
653 4 654
654 8 655
655 10 656
656 8 657
656 10 829
657 5 658
657 4 676
657 10 807
658 10 659
659 2 660
659 6 927
660 8 661
660 5 771
660 4 994
661 1 662
661 8 847
661 2 982
662 7 663
662 6 704
663 1 664
664 9 665
664 7 964
665 6 666
666 4 667
666 2 876
667 10 668
667 7 680
667 5 945
668 5 669
669 2 670
669 1 740
670 6 671
671 5 672
672 2 673
672 5 683
672 6 964
673 6 674
674 6 675
674 2 950
675 5 676
676 10 677
676 10 934
677 9 678
677 2 764
677 5 868
678 4 679
679 9 680
680 6 681
680 2 780
681 3 682
681 4 917
681 1 956
682 3 683
683 3 684
683 10 779
683 3 819
684 8 685
684 5 845
685 1 686
685 9 775
686 4 687
687 5 688
688 7 689
688 7 861
689 4 690
690 7 691
691 4 692
692 4 693
692 3 913
693 5 694
694 5 695
694 4 896
694 7 897
695 4 696
695 2 938
696 10 697
696 10 811
696 2 828
697 8 698
698 3 699
698 4 805
699 6 700
699 3 726
700 9 701
701 10 702
701 2 777
702 1 703
703 3 704
704 5 705
704 6 726
704 5 869
705 8 706
706 7 707
707 6 708
707 4 881
708 8 709
709 2 710
709 5 848
709 10 877
710 4 711
710 3 777
711 4 712
711 6 977
712 4 713
713 9 714
714 6 715
715 2 716
715 9 718
716 1 717
717 9 718
717 9 958
718 8 719
718 10 983
719 7 720
719 8 946
720 4 721
721 6 722
722 1 723
723 9 724
723 4 738
723 10 799
723 6 975
724 1 725
725 5 726
726 2 727
727 2 728
727 8 988
728 4 729
728 2 774
728 8 824
729 6 730
730 10 731
731 4 732
732 5 733
733 2 734
733 3 811
734 6 735
734 3 956
735 1 736
735 3 737
736 9 737
737 4 738
737 4 780
737 9 813
738 6 739
738 8 830
738 3 841
739 7 740
740 6 741
741 10 742
742 10 743
743 1 744
744 8 745
745 7 746
746 4 747
746 1 786
747 8 748
748 7 749
749 2 750
749 5 938
750 6 751
751 1 752
752 7 753
752 6 932
752 10 999
753 6 754
754 1 755
755 9 756
755 6 918
756 2 757
757 3 758
758 3 759
759 7 760
759 4 997
760 10 761
760 3 989
761 2 762
762 1 763
763 5 764
764 3 765
765 8 766
766 5 767
766 3 838
766 10 858
767 1 768
768 4 769
769 3 770
770 9 771
770 5 975
771 1 772
772 4 773
773 8 774
773 9 799
773 9 837
774 1 775
775 1 776
776 4 777
777 5 778
777 6 875
778 10 779
779 3 780
779 6 957
779 5 975
780 8 781
781 5 782
782 3 783
783 6 784
784 3 785
784 4 826
784 2 999
785 5 786
785 8 857
786 5 787
787 4 788
788 9 789
789 7 790
790 1 791
791 9 792
791 9 951
792 10 793
793 3 794
794 3 795
795 4 796
796 2 797
796 6 809
797 9 798
798 4 799
799 5 800
800 3 801
800 4 820
800 1 972
801 3 802
802 5 803
802 2 927
803 6 804
803 1 816
804 2 805
805 8 806
806 6 807
807 8 808
808 2 809
809 7 810
810 10 811
811 9 812
812 2 813
813 4 814
814 4 815
814 1 952
815 4 816
815 8 943
816 8 817
817 10 818
817 5 977
818 9 819
818 3 893
819 7 820
820 8 821
821 1 822
822 5 823
823 9 824
824 5 825
825 9 826
826 2 827
826 6 989
826 4 996
827 7 828
827 5 902
827 10 972
828 9 829
829 6 830
830 3 831
831 2 832
832 10 833
833 10 834
833 9 848
834 7 835
834 1 949
834 6 972
835 1 836
835 10 873
835 9 882
836 7 837
837 5 838
838 10 839
839 10 840
840 1 841
840 3 860
841 9 842
842 10 843
843 4 844
844 2 845
845 5 846
846 9 847
846 6 982
847 10 848
847 8 975
848 7 849
849 8 850
850 8 851
851 4 852
852 8 853
853 2 854
854 3 855
854 10 889
855 3 856
856 2 857
857 6 858
858 1 859
859 10 860
860 1 861
860 10 972
861 5 862
862 1 863
863 2 864
863 2 940
864 4 865
865 8 866
865 10 882
866 5 867
867 2 868
868 2 869
869 4 870
870 1 871
871 4 872
872 3 873
872 8 933
873 2 874
874 8 875
875 6 876
876 7 877
877 6 878
878 5 879
879 3 880
880 3 881
881 2 882
882 8 883
883 3 884
883 5 916
884 5 885
885 2 886
886 7 887
887 6 888
888 8 889
889 9 890
890 6 891
891 10 892
892 3 893
893 8 894
893 1 992
894 4 895
895 7 896
895 1 969
896 5 897
896 10 903
897 8 898
898 10 899
898 7 949
899 8 900
900 3 901
901 3 902
902 2 903
903 7 904
904 4 905
905 1 906
906 3 907
906 8 999
907 2 908
908 6 909
909 7 910
910 6 911
911 1 912
912 1 913
913 4 914
914 5 915
914 9 924
915 7 916
916 7 917
916 3 979
917 1 918
917 2 946
918 3 919
919 6 920
920 9 921
921 10 922
922 6 923
923 1 924
924 7 925
925 1 926
926 9 927
927 4 928
928 8 929
929 9 930
930 3 931
931 2 932
932 1 933
933 6 934
934 9 935
935 6 936
936 6 937
937 1 938
938 8 939
939 4 940
940 9 941
941 3 942
941 3 952
942 4 943
943 1 944
944 8 945
945 8 946
946 8 947
946 10 960
947 7 948
948 10 949
949 2 950
950 2 951
951 10 952
952 1 953
953 9 954
954 10 955
954 9 959
955 9 956
956 9 957
957 1 958
958 4 959
959 8 960
960 1 961
961 7 962
962 10 963
963 3 964
964 2 965
965 8 966
966 8 967
967 10 968
968 8 969
969 7 970
970 3 971
971 8 972
972 2 973
973 6 974
974 9 975
975 9 976
976 5 977
977 6 978
978 7 979
979 6 980
980 7 981
981 9 982
982 5 983
983 9 984
984 9 985
984 5 990
985 4 986
986 9 987
987 8 988
988 6 989
989 3 990
990 5 991
991 6 992
992 1 993
993 6 994
994 8 995
995 4 996
996 3 997
997 8 998
998 3 999
