1000
0 2 69
0 1 140
0 2 302
0 8 325
0 8 379
0 9 539
0 8 562
0 1 603
0 9 720
0 3 942
0 1 957
1 10 473
1 2 604
1 9 840
1 6 875
1 10 929
1 2 981
2 1 70
2 7 80
2 1 128
2 10 231
2 9 403
2 4 525
2 3 531
2 10 532
2 3 912
3 10 72
3 8 352
3 4 639
3 5 657
3 1 726
3 6 932
3 2 985
4 7 70
4 2 72
4 5 132
4 6 222
4 2 260
4 10 379
4 2 550
4 8 669
4 4 786
4 1 983
5 3 14
5 3 123
5 2 163
5 1 238
5 9 453
5 9 494
5 5 504
5 4 615
6 10 167
6 2 343
6 6 564
6 5 673
6 9 938
7 3 179
7 6 282
7 2 310
7 7 321
7 10 636
7 5 773
7 8 873
7 2 973
8 9 149
8 4 256
8 8 486
8 3 736
8 2 760
9 8 46
9 5 168
9 4 173
9 5 200
9 4 285
9 7 659
9 10 943
9 10 971
10 9 111
10 8 124
10 1 175
10 7 216
10 8 431
10 7 480
10 2 605
10 6 695
10 6 723
10 7 800
10 2 898
10 4 939
11 5 55
11 3 215
11 9 475
11 7 865
11 3 967
12 2 165
12 8 504
12 3 520
12 7 666
12 3 862
13 5 32
13 7 75
13 1 179
13 10 485
13 10 757
14 7 53
14 8 185
14 9 221
14 7 227
14 10 304
14 6 338
14 10 464
14 3 704
15 7 20
15 8 236
15 10 291
15 9 312
15 4 354
15 2 462
15 2 506
15 6 566
16 4 26
16 8 36
16 9 118
16 10 224
16 6 281
16 9 407
16 2 411
16 3 448
16 5 510
16 10 519
17 9 55
17 7 221
17 9 247
17 7 294
17 9 423
17 3 600
17 6 641
17 10 807
17 10 815
17 2 841
17 5 861
17 3 908
17 2 921
17 3 938
17 7 958
18 3 128
18 8 315
18 10 373
18 1 392
18 7 451
18 2 563
18 2 666
18 4 679
18 8 710
18 8 840
18 10 864
19 9 54
19 10 109
19 4 383
19 1 398
19 1 503
19 4 746
19 2 892
20 4 226
20 5 277
20 2 321
20 2 866
20 1 913
20 5 984
21 6 205
21 4 266
21 10 274
21 5 293
21 10 427
21 8 456
21 4 541
21 6 627
21 2 661
21 3 797
21 9 985
22 3 154
22 5 282
22 6 400
22 2 446
22 9 755
22 1 812
22 5 819
23 2 117
23 5 180
23 5 191
23 9 212
23 1 217
23 3 249
23 3 291
23 10 375
23 8 404
23 2 444
23 1 460
23 2 638
23 2 641
23 2 649
23 6 737
23 6 823
23 9 858
23 2 879
23 9 911
23 1 912
23 6 998
24 8 456
24 7 487
24 9 899
25 5 197
25 10 208
25 10 230
25 7 487
25 1 586
25 7 766
26 8 42
26 1 53
26 3 235
26 3 300
26 2 320
26 4 350
26 2 744
26 4 828
27 1 28
27 10 126
27 1 201
27 7 202
27 9 229
27 2 323
27 7 435
27 4 437
27 2 454
27 9 562
27 5 697
27 7 722
27 2 876
28 5 153
28 3 198
28 7 322
28 2 378
28 10 428
28 2 533
28 2 545
28 5 687
28 4 947
29 9 135
29 10 219
29 8 338
29 8 395
29 1 576
29 10 792
29 5 956
30 6 98
30 9 153
30 10 305
30 4 373
30 5 444
30 5 514
30 7 940
31 8 76
31 6 178
31 9 229
31 1 404
31 10 435
31 9 650
31 6 966
32 1 44
32 10 46
32 4 79
32 8 351
32 5 391
32 2 472
32 3 476
32 5 489
32 5 491
32 5 579
32 3 730
32 3 731
32 1 829
32 5 943
33 10 99
33 2 422
33 7 547
33 8 763
33 9 842
33 8 894
34 6 70
34 9 291
34 6 472
34 6 592
34 3 625
34 5 764
34 4 799
35 3 296
35 8 410
35 4 511
35 9 624
35 10 942
36 10 107
36 7 224
36 7 595
36 5 642
36 10 675
36 7 759
36 6 777
36 7 794
36 3 935
36 1 955
37 10 69
37 8 110
37 2 187
37 4 272
37 5 466
37 4 483
37 8 544
37 2 880
38 3 41
38 4 124
38 7 206
38 8 441
38 10 538
38 6 668
38 8 751
38 1 797
38 3 832
39 3 43
39 10 183
39 10 281
39 9 375
39 7 745
39 3 791
39 7 930
40 7 207
40 3 283
40 9 313
40 5 447
40 5 884
41 8 466
41 4 529
41 5 882
41 2 939
42 6 43
42 4 229
42 1 261
42 1 300
42 2 412
42 2 501
42 5 551
42 5 625
42 9 640
42 2 737
42 7 742
42 3 784
43 10 255
43 6 572
43 8 750
43 1 823
43 9 986
43 5 994
44 8 175
44 1 270
44 9 435
45 5 360
45 1 482
45 9 630
45 4 712
46 10 53
46 10 55
46 7 229
46 7 334
46 1 335
46 10 585
46 10 630
46 4 743
46 9 778
46 4 788
46 3 835
46 9 986
47 7 76
47 8 365
47 8 388
47 6 456
47 6 486
47 5 522
47 5 834
48 6 134
48 10 199
48 5 644
48 3 742
48 3 879
48 7 897
49 3 51
49 2 154
49 2 438
49 5 629
49 10 774
49 7 822
49 3 970
50 10 54
50 5 100
50 4 109
50 9 326
50 1 411
50 1 548
50 2 570
50 9 586
50 4 664
51 2 80
51 3 288
51 3 372
51 1 610
51 10 702
51 1 746
51 8 851
51 10 950
51 8 991
52 10 171
52 3 325
52 4 398
52 6 582
52 7 609
52 8 980
52 4 986
53 8 81
53 2 109
53 9 123
53 5 182
53 4 315
53 4 395
53 4 467
53 4 472
53 9 492
53 10 755
53 8 802
53 10 830
53 10 889
53 7 907
53 9 931
54 4 301
54 3 468
54 10 995
55 1 300
55 9 377
55 9 429
55 6 491
55 3 605
55 10 680
55 8 703
55 1 821
55 3 850
56 9 73
56 3 139
56 3 159
56 4 280
56 3 515
56 9 615
56 4 637
56 8 891
56 4 943
57 3 173
57 3 306
57 2 390
57 9 415
57 5 446
57 4 481
57 8 587
57 8 602
57 10 628
57 9 744
57 3 931
57 2 963
58 8 69
58 8 82
58 1 143
58 9 449
58 4 497
58 9 582
58 2 751
58 7 957
59 2 77
59 1 149
59 2 314
59 8 409
59 4 690
59 10 761
59 3 944
60 8 106
60 8 156
60 8 397
60 5 409
60 1 699
60 3 896
60 7 910
60 10 926
60 7 932
61 10 78
61 3 698
61 7 705
61 9 736
61 4 763
61 2 977
62 8 118
62 2 162
62 7 303
62 7 312
62 10 414
62 4 646
62 8 757
62 5 767
62 1 867
62 6 957
63 6 210
63 7 281
63 1 478
63 3 721
63 2 858
64 1 91
64 9 271
64 2 325
64 1 512
64 1 657
64 7 821
64 8 967
65 1 533
65 7 910
66 4 464
66 9 682
66 3 864
66 8 932
66 10 974
66 1 996
67 6 123
67 8 254
67 5 394
67 6 398
67 8 426
67 3 693
67 8 790
67 9 812
68 9 554
68 7 615
68 3 988
69 3 299
69 3 319
69 7 428
69 8 511
69 6 608
70 5 113
70 9 227
70 9 368
70 9 458
70 9 626
70 5 751
70 1 946
70 10 962
71 6 319
71 10 384
71 4 403
71 4 780
71 7 819
72 9 172
72 5 202
72 8 497
72 8 770
72 1 784
72 9 904
73 9 228
73 6 362
73 3 496
73 2 604
73 3 714
74 7 130
74 3 324
74 5 333
74 4 388
74 6 428
74 5 543
74 5 610
74 9 719
74 6 742
74 3 981
75 10 236
75 3 364
75 7 429
75 8 702
75 6 756
75 6 762
76 8 269
76 1 330
76 1 621
76 6 929
76 6 979
77 7 244
77 1 300
77 8 814
78 10 122
78 7 294
78 1 470
78 2 543
78 10 877
79 4 198
79 1 212
79 9 287
79 6 501
79 1 589
79 2 625
79 10 952
80 9 170
80 7 400
80 10 432
80 3 810
80 6 971
81 4 308
81 1 309
81 1 396
81 7 516
81 4 662
81 3 668
81 5 680
81 7 684
81 9 938
82 9 163
82 1 314
82 6 405
82 3 435
82 8 668
82 3 669
82 10 776
82 4 870
82 7 905
82 5 927
82 9 963
82 6 990
83 6 98
83 2 361
83 8 380
83 8 493
83 3 551
83 6 610
83 9 762
83 1 801
84 5 187
84 4 220
84 3 292
84 4 559
84 2 656
84 9 720
85 6 154
85 10 187
85 5 268
85 1 604
86 10 164
86 9 202
86 8 290
86 9 307
86 10 668
86 6 685
86 8 686
86 5 710
87 7 143
87 4 382
87 6 522
87 10 777
87 10 853
87 7 865
88 4 147
88 7 241
88 2 292
88 2 503
88 8 575
88 4 772
88 1 879
88 10 914
89 7 527
89 7 704
89 10 750
89 10 781
89 5 797
89 8 822
89 3 907
90 2 202
90 1 234
90 5 340
90 6 362
90 10 456
90 9 612
90 4 636
90 5 640
90 1 643
90 1 858
90 8 969
91 1 156
91 7 158
91 6 216
91 8 256
91 2 381
91 6 387
91 1 465
91 1 526
91 1 681
91 5 724
91 1 792
91 8 851
91 5 859
92 8 107
92 9 293
92 3 339
92 6 401
92 3 438
92 2 599
92 4 846
92 9 849
92 1 873
93 6 339
93 8 400
93 7 574
93 1 814
93 1 867
94 5 95
94 1 122
94 10 190
94 6 215
94 3 254
94 5 537
94 9 616
94 10 649
94 4 843
94 9 980
95 3 382
95 6 941
96 2 107
96 5 212
96 1 678
96 4 716
96 9 935
97 9 100
97 2 117
97 6 442
97 3 601
97 8 657
97 10 815
98 4 334
98 2 343
98 3 425
98 6 434
98 7 447
98 9 486
98 1 513
98 9 990
99 10 219
99 10 242
99 10 603
99 2 653
99 6 797
99 8 888
99 7 909
99 1 984
100 4 115
100 2 216
100 3 314
100 7 346
100 9 475
100 3 484
100 8 508
100 10 665
100 10 729
101 10 217
101 4 445
101 10 499
101 1 583
101 7 844
101 7 849
102 1 757
103 9 352
103 1 603
103 3 624
103 1 690
103 3 783
103 4 962
104 6 193
104 4 389
104 4 415
104 3 600
104 4 638
104 3 702
104 1 819
104 1 863
104 10 875
105 10 563
105 7 673
105 7 814
105 3 980
106 1 233
106 4 392
106 9 401
106 3 480
106 7 485
106 8 522
106 9 659
107 10 197
107 7 204
107 10 211
107 3 346
107 7 445
107 2 729
107 5 735
107 4 758
107 3 813
107 10 894
107 9 951
108 2 150
108 2 162
108 7 163
108 4 392
108 2 854
109 4 138
109 8 186
109 6 218
109 9 554
109 5 584
109 4 631
109 5 854
110 8 702
110 2 725
111 2 135
111 9 206
111 10 241
111 4 339
111 9 567
111 1 569
111 1 584
111 1 717
111 5 838
112 7 300
112 6 506
112 10 727
112 6 945
113 4 174
113 8 311
113 8 435
113 9 504
113 1 548
113 9 610
113 6 881
114 10 338
114 10 561
114 1 612
114 7 643
114 6 826
115 7 125
115 3 141
115 5 163
115 8 521
115 2 560
115 10 606
115 3 745
115 5 776
116 10 128
116 8 252
116 8 354
116 4 450
116 5 513
116 9 562
116 2 643
116 9 726
116 5 732
116 6 850
116 6 955
117 8 133
117 4 304
117 9 522
117 6 540
117 9 894
118 1 474
118 2 685
118 4 810
118 8 889
118 8 949
119 5 131
119 6 652
119 3 715
119 2 750
119 10 810
120 3 195
120 7 446
120 10 540
120 6 592
120 4 603
120 1 635
120 9 690
120 9 789
120 4 792
120 9 882
120 7 967
120 1 984
121 2 168
121 1 307
121 9 407
121 9 474
121 1 766
121 10 800
122 10 264
122 5 272
122 10 435
122 6 487
122 2 532
122 1 645
122 1 713
122 7 737
122 5 915
123 4 190
123 8 198
123 10 277
123 8 354
123 2 434
123 2 569
123 2 804
123 6 818
123 7 819
124 6 140
124 8 157
124 4 169
124 4 196
124 9 203
124 10 235
124 10 381
124 7 469
124 9 609
124 6 857
124 10 929
124 7 932
125 9 131
125 3 141
125 7 246
125 8 326
125 3 542
125 2 669
125 3 792
125 4 885
126 9 137
126 2 269
126 6 597
126 9 611
126 1 831
126 6 987
127 3 157
127 9 205
127 5 215
127 1 228
127 2 347
127 5 426
127 1 550
127 7 601
127 1 911
127 4 998
128 9 139
128 5 257
128 2 411
128 5 458
128 2 569
128 4 649
128 10 688
128 8 776
128 2 791
128 9 827
128 8 828
128 6 897
128 1 943
129 9 256
129 3 328
129 9 406
129 6 592
129 10 754
130 8 137
130 4 149
130 3 197
130 7 277
130 2 461
130 2 576
130 2 627
130 6 675
130 9 695
130 4 792
130 6 862
130 1 974
131 1 190
131 7 235
131 10 561
131 8 657
131 9 687
131 8 813
131 3 868
131 2 973
132 2 448
132 4 538
132 3 809
132 5 841
132 4 874
132 8 913
133 2 238
133 8 376
133 3 444
133 8 634
133 6 722
134 9 178
134 7 181
134 3 339
134 3 776
134 6 816
135 5 153
135 9 339
135 7 398
135 4 422
135 8 449
135 5 596
135 9 628
136 4 144
136 1 181
136 8 226
136 7 238
136 1 490
136 6 559
136 3 569
136 9 859
136 10 963
137 2 235
137 5 386
137 4 703
137 6 727
137 6 861
138 6 225
138 10 269
138 3 523
138 6 828
138 4 876
138 6 907
138 10 958
139 5 220
139 4 259
139 2 561
139 5 878
139 3 893
139 7 954
140 5 190
140 2 245
140 5 365
140 1 387
140 3 398
140 9 422
140 1 563
140 10 640
140 2 745
140 5 888
141 6 184
141 9 412
141 4 418
141 8 500
141 8 604
141 8 678
141 4 786
141 4 915
141 1 985
142 7 179
142 5 300
142 3 538
142 5 616
142 6 645
142 4 668
142 5 793
142 9 990
143 7 286
143 2 428
143 10 537
144 7 256
144 5 269
144 2 337
144 2 410
144 5 508
144 1 805
144 1 829
144 4 890
145 10 459
145 6 576
145 4 725
145 1 809
145 1 941
146 2 163
146 9 336
146 10 351
146 1 428
146 8 483
146 6 485
146 5 630
146 3 823
146 2 932
146 1 939
147 10 336
147 8 370
147 4 707
147 2 898
147 7 955
147 3 956
148 3 163
148 2 297
148 6 519
148 8 774
149 5 200
149 7 340
149 1 651
149 2 770
149 1 918
150 10 153
150 4 350
150 8 612
150 8 715
150 2 776
151 6 159
151 9 347
151 7 360
151 8 559
151 6 790
151 1 873
152 10 197
152 7 234
152 2 346
152 6 391
152 2 535
152 4 558
152 2 815
152 6 996
153 10 335
153 2 592
153 4 943
154 4 217
154 8 342
154 6 380
154 10 386
154 3 507
154 8 797
154 10 871
154 1 975
154 10 977
155 2 261
155 4 355
155 3 500
155 9 573
155 7 632
155 4 718
155 5 732
155 10 746
155 5 759
155 2 917
155 7 994
156 7 277
156 1 468
156 9 617
156 8 645
156 2 781
157 1 173
157 10 188
157 3 393
157 4 552
157 5 571
157 4 681
157 7 732
157 3 735
157 10 777
158 2 163
158 5 242
158 8 378
158 5 683
158 6 733
158 2 737
158 7 971
159 3 278
159 10 381
159 10 402
159 6 421
159 10 526
159 10 532
159 1 758
159 6 790
159 6 792
159 8 912
160 2 246
160 6 260
160 8 390
160 5 391
160 5 480
160 2 481
160 8 635
160 8 783
161 4 235
161 9 277
161 7 369
161 1 388
161 9 447
161 8 452
161 6 604
161 5 669
161 10 702
161 5 718
161 2 847
161 5 893
161 2 919
161 9 930
162 2 193
162 8 549
162 6 916
162 1 942
163 4 225
163 5 500
163 10 660
163 4 779
163 8 933
163 7 996
164 8 253
164 7 385
164 4 606
164 5 738
164 5 901
164 4 914
165 8 348
165 1 397
165 7 709
165 1 754
165 3 986
165 8 989
166 9 221
166 1 274
166 8 364
166 6 386
166 5 480
166 3 719
166 7 901
167 1 207
167 3 356
167 1 828
167 7 831
168 2 220
168 3 311
168 6 614
168 10 865
168 5 911
168 8 941
168 4 991
169 3 428
169 2 463
169 1 728
169 6 777
170 6 337
170 1 411
170 5 698
170 2 996
171 10 238
171 8 358
171 9 413
171 7 538
171 4 873
171 10 886
172 3 177
172 5 427
172 8 491
172 2 529
172 8 613
172 5 702
172 2 736
172 2 743
172 10 925
173 9 205
173 5 276
173 1 578
173 7 607
173 3 690
173 2 847
174 9 207
174 7 306
174 9 311
174 7 344
174 5 478
174 7 544
174 5 658
174 8 719
174 8 790
174 2 832
174 5 847
174 9 921
174 4 952
175 3 210
175 2 297
175 6 464
175 6 716
175 6 843
176 10 177
176 10 255
176 3 368
176 7 651
176 2 982
177 1 335
177 10 415
177 5 481
177 4 590
177 10 746
177 8 864
177 2 884
178 1 422
178 6 582
178 6 905
178 2 977
179 8 418
179 2 490
179 2 567
179 3 601
179 3 632
179 5 645
179 8 713
179 7 753
179 8 821
180 3 258
180 5 385
180 2 515
180 9 735
180 6 743
180 5 824
180 2 852
180 7 972
181 6 208
181 6 429
181 2 494
181 6 587
181 4 645
181 8 982
181 1 983
182 7 365
182 1 659
182 10 679
182 3 861
182 6 902
182 9 943
183 7 193
183 8 216
183 1 470
183 6 533
183 7 542
183 3 588
183 2 664
183 1 717
183 9 724
183 4 741
183 7 902
183 5 916
184 2 354
184 6 403
184 4 425
184 2 500
184 10 617
184 2 685
184 1 789
184 9 794
185 3 375
185 7 594
185 4 608
185 1 776
185 1 786
186 10 213
186 9 232
186 4 272
186 2 401
186 6 417
186 7 526
186 3 630
186 1 804
186 2 881
187 7 408
187 6 448
187 6 459
187 8 476
187 8 627
187 10 768
187 5 944
188 1 276
188 10 474
188 2 553
188 3 704
188 3 751
188 9 811
189 3 273
189 4 440
189 8 509
189 5 799
189 9 872
189 1 895
189 5 969
190 9 279
190 10 452
190 10 537
190 8 608
190 6 668
190 8 690
190 5 777
190 10 790
190 5 864
190 6 989
191 7 200
191 6 209
191 8 254
191 7 431
191 4 630
191 7 631
191 7 739
191 6 911
192 1 270
192 10 274
192 9 319
192 10 389
192 9 448
192 1 450
192 2 523
192 4 539
192 3 729
192 1 745
192 3 757
193 1 195
193 8 289
193 1 350
193 4 490
193 1 525
194 3 195
194 9 673
194 2 731
194 8 897
194 9 917
194 10 934
195 3 290
195 2 322
195 8 475
195 1 481
195 3 574
195 10 639
195 6 776
195 1 832
195 9 836
196 7 291
196 6 360
196 3 451
196 2 466
196 10 532
196 1 924
196 1 947
196 2 980
197 6 278
197 3 419
197 8 464
197 2 480
197 9 490
197 10 664
197 8 727
198 5 537
198 10 590
198 3 618
198 5 801
198 10 833
198 2 884
199 2 552
199 2 702
199 1 795
199 5 827
199 4 861
199 1 934
200 8 335
200 5 385
200 8 782
200 5 808
200 2 815
200 10 878
200 4 895
202 7 387
202 2 417
202 3 511
202 2 513
202 8 621
202 6 689
202 6 826
202 4 855
202 3 885
202 3 944
202 6 997
203 6 239
203 7 376
203 10 530
204 2 505
204 4 538
204 4 954
205 10 237
205 9 287
205 9 411
205 4 419
205 8 455
205 6 488
205 8 602
205 1 610
205 8 621
205 1 753
205 3 762
205 6 826
206 5 269
206 7 277
206 8 282
206 4 301
206 7 598
206 1 828
206 4 903
206 8 942
206 7 951
206 3 979
207 10 483
207 2 488
207 4 801
207 9 857
207 9 947
208 2 524
208 7 578
208 1 802
209 5 224
209 7 255
209 8 765
209 4 809
209 8 855
210 1 290
210 8 342
210 7 642
210 9 662
210 5 724
210 6 734
211 9 232
211 5 411
211 3 518
212 4 341
212 9 706
212 7 949
213 3 271
213 7 499
213 4 582
213 2 638
213 4 746
213 2 794
213 9 835
213 3 910
213 2 964
214 2 492
214 6 657
215 2 255
215 9 412
215 3 475
215 4 537
215 10 630
215 3 884
215 3 945
216 9 319
216 10 446
216 8 466
216 1 520
216 10 542
216 6 564
216 4 569
216 5 585
217 9 305
217 6 518
218 2 225
218 4 288
218 2 312
218 6 410
218 4 465
218 3 466
218 10 477
218 1 512
218 2 580
218 6 932
219 3 278
219 7 304
219 10 338
219 9 624
219 10 871
219 6 960
220 6 612
220 6 710
220 2 751
220 6 759
220 5 957
221 1 271
221 3 504
221 1 563
221 1 716
221 1 809
222 10 223
222 1 237
222 10 385
222 6 543
222 9 818
222 5 881
223 10 273
223 3 382
223 10 428
223 2 787
223 5 829
223 5 918
223 7 985
224 10 422
224 4 436
224 6 450
224 3 495
224 5 535
224 4 538
224 9 639
224 7 731
224 2 752
224 10 796
224 7 825
224 2 908
225 8 342
225 1 390
225 4 444
225 6 515
225 9 518
225 1 815
226 5 335
226 5 546
226 5 586
226 9 634
226 7 694
226 10 765
226 8 787
226 9 992
227 6 335
227 3 387
227 10 504
227 1 798
227 6 855
227 10 900
227 10 954
228 8 275
228 2 324
228 1 424
228 2 764
228 2 831
228 2 912
229 5 258
229 3 447
229 10 498
229 4 571
229 7 675
229 9 786
229 3 846
230 1 287
230 10 294
230 8 575
230 7 577
230 3 815
230 8 872
231 2 383
231 1 763
231 2 951
232 4 465
232 1 484
232 2 598
232 1 969
233 10 244
233 5 427
233 1 540
233 1 656
234 9 363
234 3 487
234 1 677
234 1 786
234 10 817
234 3 818
234 10 852
235 5 507
235 1 754
235 2 757
235 9 793
235 10 844
236 2 391
236 9 560
236 7 576
236 8 658
236 3 710
236 2 731
236 7 734
236 1 838
236 9 842
237 9 266
237 7 430
237 3 538
237 9 567
237 10 589
238 1 311
238 1 323
238 3 344
238 2 354
238 8 533
238 7 551
238 6 699
238 5 700
238 8 749
238 1 816
238 3 875
238 10 971
240 7 245
240 9 295
240 5 402
240 10 572
240 4 742
240 2 762
240 9 967
240 1 968
241 3 275
241 3 785
241 4 930
241 1 935
242 2 325
242 10 681
242 10 752
243 10 427
243 3 481
243 7 489
243 10 536
243 6 841
243 7 993
244 5 303
244 5 354
244 5 449
244 6 567
244 6 711
244 8 757
244 3 949
245 5 567
245 4 788
246 7 326
246 2 580
246 8 724
246 2 884
246 5 939
246 5 969
246 7 991
247 1 271
247 10 606
247 6 853
247 1 865
247 7 872
247 7 923
248 9 256
249 7 306
249 1 428
249 3 492
249 3 587
249 9 593
249 8 632
249 2 655
249 1 674
249 4 809
249 9 839
249 6 916
250 5 263
250 9 267
250 4 290
250 10 320
250 7 588
250 9 805
250 3 926
250 3 927
250 5 942
251 3 304
251 2 349
251 2 458
251 9 604
251 4 631
251 6 720
251 4 744
251 9 864
252 10 295
252 5 341
253 8 323
253 3 564
253 3 576
254 8 416
254 2 460
254 10 521
254 1 590
254 9 662
254 4 887
254 10 917
255 6 381
255 6 400
255 10 608
255 1 635
255 1 638
255 5 773
255 9 787
255 5 856
255 3 860
255 10 878
255 8 914
256 2 361
256 7 611
256 7 640
256 8 652
257 7 296
257 7 317
257 10 441
257 4 462
257 10 685
257 3 736
257 9 767
257 8 977
258 8 330
258 3 594
258 3 607
259 8 461
259 2 484
259 5 956
260 5 306
260 10 316
260 3 320
260 1 408
260 1 411
260 4 499
260 10 606
260 3 627
260 3 653
260 10 718
260 3 790
260 3 997
261 2 421
261 6 465
261 6 519
261 6 605
261 8 655
262 10 594
262 2 683
263 4 353
263 5 384
263 9 506
263 7 577
263 10 688
263 9 860
264 8 318
264 2 426
264 4 487
264 2 521
264 2 554
264 1 567
264 7 572
264 9 735
264 1 862
265 6 394
265 5 654
265 1 794
266 5 428
266 9 551
266 1 686
266 5 936
266 1 984
267 5 330
267 3 371
267 2 502
267 5 554
267 1 557
267 7 628
267 9 761
267 1 762
268 8 701
269 9 462
269 6 516
269 6 529
269 5 705
269 10 724
269 3 754
269 9 776
269 2 884
270 5 321
270 10 358
270 2 638
270 8 654
270 9 885
270 8 999
271 6 388
271 7 498
271 7 600
271 1 660
271 5 766
271 4 773
271 5 894
271 3 986
272 1 469
272 7 516
272 2 565
272 5 588
272 6 620
272 9 816
273 3 407
273 1 431
273 1 676
273 10 749
273 1 776
273 9 805
274 4 468
274 10 478
274 2 667
274 3 738
274 9 886
274 3 917
275 5 578
275 7 680
275 8 709
276 7 412
276 10 445
276 3 486
276 8 591
276 4 604
276 9 808
277 6 593
277 4 661
277 7 966
278 5 405
278 5 459
278 4 515
279 2 328
279 9 633
279 9 703
279 2 707
279 10 876
280 4 288
280 3 466
280 5 542
280 3 641
280 8 871
280 4 872
280 3 942
281 8 499
281 5 620
281 3 759
281 1 901
282 9 416
282 6 436
282 10 523
282 6 706
282 10 755
282 4 801
283 7 377
283 8 412
283 4 583
283 7 644
283 10 672
284 7 320
284 1 619
284 9 776
284 8 856
285 7 298
285 4 429
285 7 916
286 6 441
286 8 594
286 9 598
286 5 894
286 4 966
286 4 984
287 10 351
287 9 556
287 2 673
287 4 722
287 10 751
287 3 762
287 1 879
287 1 983
288 10 468
288 6 792
288 9 997
289 9 367
289 9 696
289 6 726
289 5 790
289 10 844
289 1 865
289 10 904
289 3 979
290 9 408
290 7 433
290 3 447
290 2 514
290 1 647
290 6 695
290 5 838
290 1 946
290 4 950
291 2 353
291 6 588
291 5 861
291 6 934
292 6 348
292 5 367
292 8 690
292 3 725
292 7 782
292 8 791
292 4 795
292 10 829
293 2 454
293 6 482
293 4 494
293 3 567
293 8 702
293 2 928
293 5 941
294 3 504
294 7 636
294 3 707
294 7 850
294 1 911
295 10 569
295 7 587
295 8 598
295 2 784
295 4 877
296 2 349
296 6 415
296 2 590
296 2 592
296 6 820
296 3 857
296 10 905
296 9 929
297 5 316
297 7 320
297 7 483
297 3 538
297 3 551
297 10 852
297 9 870
297 5 875
297 2 949
297 9 998
298 5 368
298 4 456
298 4 509
298 9 591
298 5 683
298 1 713
298 7 822
298 1 837
298 7 958
299 7 343
299 5 544
299 5 775
299 3 858
300 2 322
300 7 447
300 9 683
300 4 994
300 7 998
301 8 479
301 8 550
301 1 756
301 6 811
301 4 862
302 9 346
302 8 539
302 5 584
302 3 594
302 1 601
302 1 665
302 7 839
303 4 333
303 2 387
303 10 473
303 7 549
303 10 668
303 1 759
303 8 764
303 1 987
303 4 990
304 7 343
304 4 481
304 9 635
304 4 735
304 5 909
304 8 996
305 1 399
305 10 496
305 9 570
305 8 625
305 4 652
305 1 878
305 5 925
305 7 936
305 5 964
306 1 454
306 7 468
306 1 789
306 4 965
307 3 375
307 8 430
307 2 624
307 2 652
307 10 827
308 9 429
308 4 528
308 3 662
308 5 685
308 10 798
308 1 904
308 6 997
309 2 502
309 6 808
309 8 820
309 8 998
310 10 485
310 5 593
310 7 710
310 9 955
311 1 626
311 6 670
311 6 810
312 1 353
312 7 358
312 2 677
312 2 728
312 5 886
312 8 931
313 3 353
313 8 355
313 7 798
313 8 801
313 2 859
313 4 897
314 7 326
314 7 476
314 9 617
314 2 757
314 3 990
315 8 334
315 4 370
315 3 493
315 4 685
315 9 710
315 6 717
315 6 819
315 9 879
316 4 337
316 8 481
316 10 510
316 8 513
316 2 783
316 2 793
317 3 492
317 9 735
317 3 805
317 7 959
319 4 639
319 3 685
319 9 687
319 3 771
319 2 891
319 1 975
320 10 380
320 1 394
320 5 520
320 5 540
320 3 588
320 6 699
321 1 361
321 6 372
321 2 839
321 10 984
322 5 473
322 7 740
322 8 780
323 8 336
323 3 386
323 9 475
323 8 503
323 8 552
323 1 557
323 5 581
323 4 682
323 9 898
323 1 994
324 3 471
324 7 539
324 10 720
324 10 880
324 4 996
325 4 404
325 6 468
325 2 578
325 4 647
325 6 657
325 2 697
325 9 718
325 9 784
325 5 925
325 5 945
325 5 960
325 1 973
326 5 754
327 6 336
327 8 374
327 8 430
327 7 522
327 10 721
327 1 750
327 1 970
328 2 462
328 6 510
328 2 639
328 2 925
328 6 975
328 10 976
328 2 990
329 4 349
329 6 524
329 3 651
329 1 817
329 7 857
329 9 873
330 7 742
330 4 888
331 3 500
331 5 675
331 3 955
331 10 980
332 2 508
332 1 827
332 1 863
332 9 910
333 5 516
333 9 870
333 1 872
334 5 345
334 5 439
334 2 698
334 9 771
334 10 803
334 4 866
334 4 906
334 7 954
335 8 403
335 4 674
335 1 725
335 10 803
335 8 821
335 7 845
335 2 892
336 3 380
336 4 386
336 7 427
336 1 894
337 5 513
337 8 576
337 8 606
337 5 744
338 7 455
338 4 467
338 1 566
338 10 727
338 6 823
338 8 977
339 5 351
339 9 392
339 5 483
339 5 530
339 4 587
339 1 633
339 9 634
339 1 776
339 3 799
339 1 914
340 3 568
340 6 571
340 5 627
340 2 682
340 10 928
341 4 375
341 5 505
341 8 587
341 10 599
342 4 400
342 3 617
342 5 770
342 3 976
343 6 656
343 1 886
343 10 918
343 7 920
344 7 388
344 5 402
344 2 730
345 5 423
345 6 561
345 3 640
345 10 724
345 2 876
346 6 417
346 4 571
346 1 661
346 2 664
346 3 918
347 4 780
347 5 866
347 5 883
347 1 950
347 2 960
348 3 412
348 3 610
348 2 832
348 10 872
348 10 905
349 6 515
349 6 629
349 2 736
349 10 798
349 8 969
350 4 697
350 4 813
350 1 918
350 6 997
351 7 885
351 1 931
352 8 495
352 3 916
352 10 934
352 6 970
353 3 418
353 9 426
353 7 497
353 3 660
353 10 704
353 7 843
353 10 884
354 3 460
354 1 509
354 5 555
354 6 560
354 8 615
354 5 707
354 5 791
354 2 957
355 1 512
355 5 580
355 1 641
355 5 737
355 9 804
355 1 859
356 8 458
356 3 725
356 1 763
357 3 749
357 10 825
357 6 881
358 9 532
358 8 703
358 3 726
358 6 759
358 1 856
358 7 950
359 9 688
360 8 422
360 3 587
360 4 928
361 2 379
361 9 528
361 3 571
361 4 716
361 6 883
361 9 978
362 8 421
362 3 606
362 10 877
362 6 915
363 4 497
363 4 580
363 7 613
363 5 622
363 2 869
364 4 512
364 3 544
364 10 774
364 4 790
364 2 857
364 2 947
364 6 968
365 6 392
365 1 455
365 1 726
365 2 747
365 7 859
365 6 996
366 6 409
366 6 448
366 3 472
366 10 490
366 2 633
366 8 731
366 10 806
366 5 854
366 4 902
366 5 916
366 9 918
366 8 946
367 10 375
367 5 434
367 1 449
367 2 471
367 4 647
367 3 665
367 7 879
367 5 896
367 9 913
367 3 967
368 2 410
368 2 477
368 10 567
368 6 708
368 5 720
368 3 739
369 9 508
369 4 664
369 7 926
370 2 633
370 4 712
370 6 760
370 9 794
370 2 852
371 4 398
372 2 633
372 1 875
373 10 593
373 6 997
374 7 437
374 9 446
374 6 683
374 4 745
374 3 780
374 2 993
375 2 480
375 4 529
375 2 901
375 1 919
376 9 467
376 8 541
376 7 542
376 7 733
376 9 735
376 6 898
376 2 942
377 4 395
377 7 566
377 2 659
377 5 961
378 8 434
378 7 538
378 8 979
379 3 537
379 9 555
379 9 848
379 6 977
379 2 989
380 3 629
380 8 698
380 2 801
380 3 917
380 2 991
381 8 389
381 10 669
381 5 673
381 4 844
382 4 421
382 2 452
382 2 465
382 9 489
382 6 518
382 1 564
382 4 676
382 9 784
382 5 854
382 3 909
383 8 886
383 2 936
384 8 466
384 9 594
384 10 675
384 7 959
385 8 386
385 3 630
385 1 678
385 9 884
385 6 971
386 10 492
386 2 690
386 9 705
386 8 870
387 6 407
387 5 908
387 2 926
388 9 622
388 4 731
389 8 412
389 7 460
389 1 660
389 3 801
389 8 865
389 9 941
389 1 949
390 6 904
390 6 927
390 10 980
391 4 470
391 5 710
391 2 740
391 10 745
391 6 773
391 6 866
392 5 442
392 1 546
392 4 582
392 4 715
393 2 456
393 8 457
393 9 485
393 9 512
393 3 766
393 10 790
393 4 855
394 8 618
394 8 654
394 5 699
394 6 853
394 3 924
394 1 949
394 8 990
395 9 833
396 7 404
396 8 418
396 6 453
396 9 621
396 5 662
396 5 678
396 8 857
396 5 929
397 4 652
397 8 683
398 8 709
398 5 766
398 3 804
398 4 830
398 6 841
398 9 902
399 10 546
399 10 836
399 1 922
400 2 550
400 6 749
400 9 796
400 3 863
401 9 484
401 9 973
401 5 974
402 3 793
402 4 941
403 2 418
403 1 428
403 10 497
403 4 506
403 8 597
403 3 692
403 7 829
403 4 861
403 7 940
404 4 443
404 3 722
404 9 796
404 1 922
404 8 987
405 10 447
405 9 530
405 2 555
405 6 743
405 7 776
405 8 850
405 6 949
406 8 439
406 9 624
406 8 662
406 1 888
407 5 547
407 6 699
407 5 762
407 10 810
408 4 624
408 2 710
408 10 758
408 9 762
408 4 829
408 4 893
409 4 496
409 9 922
410 3 448
410 8 449
410 9 705
410 8 756
410 1 942
411 6 657
411 9 678
411 1 718
412 7 421
412 1 479
412 4 555
412 7 595
412 6 693
413 5 417
413 3 502
413 1 875
413 5 923
413 6 957
414 7 474
414 10 548
414 5 726
414 8 733
414 6 783
414 7 952
415 2 548
415 9 583
415 4 681
415 5 709
415 10 868
415 8 891
415 2 958
416 3 774
416 3 775
416 3 817
417 2 555
417 6 566
417 10 839
417 7 854
417 2 893
418 7 516
418 5 542
418 5 596
418 4 847
419 2 471
420 6 593
420 6 777
421 3 540
421 10 620
421 3 913
421 5 919
422 5 545
422 5 899
422 5 930
422 2 995
423 8 575
423 7 988
424 4 432
424 10 562
424 2 755
424 2 885
424 10 992
425 8 540
425 5 706
425 4 733
425 1 902
425 8 996
426 2 559
426 7 577
426 2 790
426 7 845
426 7 850
426 2 886
427 2 444
427 5 487
427 10 494
427 4 513
427 9 570
427 7 891
427 4 944
428 4 451
428 7 510
428 9 675
428 2 789
428 5 878
429 10 497
429 5 533
429 5 589
429 2 598
429 9 777
430 10 504
430 7 690
430 2 820
430 3 892
431 5 487
431 7 914
431 1 927
432 2 440
432 4 543
432 8 551
432 9 718
432 7 740
432 5 842
432 8 953
432 7 972
433 10 541
433 3 682
433 1 958
433 9 987
434 4 828
434 10 904
435 8 492
435 1 523
435 9 635
435 8 640
435 8 693
436 5 460
436 1 685
436 6 689
436 6 805
437 4 440
437 8 563
437 4 639
437 9 853
437 2 855
438 6 618
438 9 643
438 8 934
439 10 471
439 4 488
439 4 619
439 8 632
439 6 687
439 9 692
439 1 798
440 8 498
440 10 608
440 8 633
440 7 660
440 2 729
440 9 776
440 5 815
440 4 939
441 6 520
441 5 675
441 9 735
442 2 480
442 9 497
442 1 776
443 6 485
443 10 561
443 10 605
443 5 711
443 8 712
444 3 465
444 8 541
444 6 623
444 10 689
444 7 736
444 7 782
445 2 451
445 3 469
445 1 723
445 5 775
445 1 791
445 7 796
446 9 497
446 7 512
446 4 741
446 4 820
446 9 917
447 6 448
447 9 501
447 2 690
447 6 700
447 2 884
448 8 486
448 5 744
448 2 754
448 7 865
448 9 872
449 3 491
449 3 604
449 7 702
449 1 818
450 3 487
450 7 554
450 10 771
450 2 775
450 5 809
450 4 914
451 3 773
451 10 814
451 2 846
452 3 461
452 5 600
452 1 672
452 6 760
452 10 899
454 2 480
454 1 667
454 9 726
454 7 946
454 5 962
455 4 683
455 5 745
455 7 832
455 4 852
455 5 983
455 8 993
456 9 590
456 9 929
456 5 943
457 3 490
457 10 781
457 10 796
457 5 894
457 9 915
457 3 978
458 5 473
458 2 668
458 2 760
458 6 812
458 2 945
459 5 469
460 4 471
460 5 501
460 4 639
460 5 921
461 9 555
461 4 631
461 7 662
461 3 694
461 9 763
461 2 878
462 7 505
462 5 625
462 1 682
463 10 478
463 3 525
463 9 752
463 2 756
463 6 875
464 1 559
464 10 734
464 8 768
465 8 503
465 9 522
465 9 811
465 3 914
465 2 957
465 7 981
465 4 989
466 7 681
466 9 789
466 10 893
466 5 926
467 1 480
467 3 780
467 2 867
467 3 877
467 1 882
467 4 946
467 9 967
468 5 532
468 5 544
468 2 550
468 7 553
468 3 705
468 6 763
469 2 476
470 3 585
470 4 746
471 2 752
471 2 789
471 10 960
471 5 994
472 1 481
472 4 487
472 7 645
472 6 802
472 4 922
473 6 656
473 3 723
473 8 904
474 1 726
474 3 889
475 4 738
475 8 922
475 7 981
476 9 976
477 6 952
479 4 899
480 10 532
480 4 627
480 9 801
480 7 843
480 2 898
481 2 543
481 10 675
481 8 714
481 7 745
482 9 557
482 5 613
482 10 662
482 2 806
483 6 585
483 9 607
483 7 960
484 2 529
484 1 536
484 10 908
484 8 933
485 10 491
485 7 503
485 2 550
485 9 784
485 8 787
485 1 788
485 1 878
485 5 934
486 8 499
486 4 511
486 6 518
486 7 582
486 4 593
486 3 664
486 7 743
486 2 756
486 9 843
486 1 898
486 9 934
486 4 942
486 9 951
486 4 984
487 6 546
487 1 590
487 4 666
487 1 688
487 1 729
487 9 843
488 4 528
488 2 959
489 4 508
489 3 564
489 8 730
489 4 759
489 10 882
489 7 999
490 8 518
490 6 539
490 4 728
490 8 876
490 3 926
491 4 573
491 8 574
491 1 577
491 1 668
491 5 682
491 8 743
492 7 548
492 7 609
492 7 644
492 8 700
492 9 711
492 2 747
492 10 749
492 3 769
492 4 874
493 2 557
493 4 701
493 5 799
493 1 952
494 1 565
494 4 568
494 9 610
494 5 687
494 4 788
495 4 574
495 8 702
495 6 780
496 3 539
496 3 576
496 2 666
496 1 735
496 1 924
496 7 978
497 9 569
497 2 830
497 8 997
498 5 512
498 6 611
498 5 755
498 7 766
498 7 958
499 2 721
499 6 772
499 5 794
499 6 977
500 7 529
500 5 615
500 9 690
500 6 811
500 7 843
500 8 850
500 7 908
501 4 637
501 3 767
501 6 800
501 7 833
501 10 975
502 10 679
502 10 730
502 8 776
502 8 777
502 6 911
503 10 636
503 3 704
504 3 536
504 8 589
504 2 613
504 6 731
504 10 751
504 2 846
505 5 805
505 5 870
506 1 559
506 6 636
506 7 739
506 8 750
506 2 784
506 9 932
506 1 952
507 7 582
507 6 634
507 7 741
508 2 509
508 8 623
508 7 852
508 1 865
508 2 986
509 4 709
509 2 811
509 10 847
509 3 911
510 3 824
510 6 935
510 8 954
511 4 529
511 8 609
512 7 561
513 2 564
513 7 628
514 1 517
514 4 532
514 7 907
514 4 945
515 8 521
515 3 536
515 8 611
515 1 789
515 1 980
516 1 979
517 8 664
518 1 524
518 2 576
518 3 636
518 6 676
518 6 826
518 5 852
519 7 532
519 3 643
519 7 710
519 10 752
519 7 908
519 9 933
520 9 688
520 1 778
520 2 856
521 2 569
522 5 612
522 4 780
522 8 980
523 5 762
523 10 979
524 4 550
524 10 590
524 4 618
524 8 626
524 2 880
524 4 893
524 6 982
525 5 701
525 1 849
525 3 851
526 3 606
526 10 628
526 5 720
526 8 748
526 7 791
527 7 593
527 8 616
527 5 840
527 7 841
527 8 955
528 4 589
528 9 639
528 10 672
528 1 770
528 9 785
528 1 795
528 6 839
529 7 578
529 4 896
529 7 928
529 4 949
530 5 585
530 4 655
530 3 782
530 4 785
530 1 852
530 7 973
530 1 986
530 9 992
532 6 611
532 8 622
533 9 567
533 4 707
533 5 786
533 6 849
534 7 540
534 10 636
534 8 812
535 7 588
536 8 833
536 6 881
536 7 904
537 8 629
537 1 644
537 3 683
537 5 740
537 9 859
537 4 974
538 7 566
538 7 613
538 5 660
538 9 742
538 2 831
539 8 678
539 1 795
539 5 946
539 2 950
540 1 544
540 6 639
540 4 788
540 2 797
540 7 926
540 1 947
540 5 976
541 7 660
542 9 571
542 1 658
542 4 745
542 7 753
542 8 868
543 4 581
543 5 750
543 10 965
544 4 550
544 1 650
544 4 893
544 10 949
545 5 582
545 4 698
545 1 713
545 10 733
545 5 802
545 5 825
546 4 908
546 4 964
547 6 999
548 2 613
548 2 634
548 4 653
548 7 720
548 3 783
548 8 982
548 2 997
549 7 550
549 4 563
549 10 628
549 3 695
549 7 790
549 2 878
551 7 589
551 9 600
551 7 716
551 2 790
551 1 856
552 8 861
553 5 759
553 1 871
553 8 900
554 4 599
554 6 656
554 8 669
554 9 706
554 1 716
554 1 824
555 2 601
556 3 748
556 1 924
556 3 986
556 3 993
557 9 584
557 4 997
558 4 586
558 1 959
558 4 996
559 7 566
559 4 741
559 1 819
559 9 838
559 1 898
559 7 918
561 2 574
562 6 590
562 2 673
562 10 837
562 10 871
562 9 885
562 7 972
563 3 608
563 2 641
563 6 795
563 7 876
563 5 953
565 3 662
565 9 704
565 2 713
565 1 736
565 3 780
565 6 899
566 6 574
566 3 657
566 6 794
567 7 570
567 9 746
567 2 890
567 7 927
567 7 980
568 7 616
568 4 627
568 5 906
569 1 577
569 3 629
569 7 720
569 8 809
569 3 826
571 3 633
571 2 904
572 2 941
573 2 602
573 10 714
573 6 744
574 5 662
574 10 772
574 7 774
575 5 949
576 1 669
576 7 800
576 8 808
576 3 822
576 8 884
576 6 996
577 7 890
577 7 957
578 9 600
578 5 681
579 8 591
579 4 758
579 3 873
579 4 884
579 10 974
580 1 774
580 6 837
580 3 947
581 4 677
581 7 819
582 7 666
582 3 850
582 2 928
583 8 786
583 1 789
583 8 845
584 4 788
584 7 873
584 4 896
585 6 635
585 5 658
585 8 746
585 6 914
586 6 677
586 10 687
586 4 758
586 4 843
587 8 623
587 10 663
587 7 683
587 1 686
587 8 887
587 3 932
588 8 896
589 9 616
589 3 705
589 5 956
590 10 599
590 6 644
590 3 853
590 2 856
590 1 879
591 7 614
591 3 760
591 5 840
591 1 843
591 10 944
591 10 988
591 7 989
592 2 918
592 9 958
593 5 833
593 8 857
594 9 645
594 8 771
595 3 680
595 6 710
595 5 807
595 4 856
595 3 999
596 5 709
596 2 766
596 6 869
596 10 977
597 7 640
597 9 701
597 4 984
598 5 816
599 2 819
600 7 624
600 8 887
600 5 934
601 1 761
602 6 741
602 1 792
602 1 981
602 2 987
603 6 661
603 4 720
604 2 642
605 6 828
606 2 980
607 6 681
607 6 705
607 2 788
607 3 818
607 1 876
609 5 979
610 3 647
610 10 698
610 4 888
610 6 918
610 6 929
611 9 622
611 6 874
612 1 645
612 10 755
612 5 762
612 4 769
612 10 885
613 9 661
613 2 690
613 7 875
613 9 962
614 4 626
614 9 745
614 2 794
614 2 856
614 10 955
614 5 978
614 4 998
616 2 725
616 9 753
616 6 765
616 8 883
617 9 696
617 8 715
617 6 794
617 4 835
617 7 839
618 2 622
618 8 643
618 6 723
618 5 772
618 4 804
618 6 933
619 10 696
619 10 925
619 10 975
621 10 937
621 5 944
622 7 684
622 10 811
623 4 649
623 9 851
624 10 659
626 5 811
626 2 834
626 7 892
626 7 902
627 3 727
627 9 932
628 4 677
628 1 737
628 7 760
628 3 778
628 2 912
629 4 786
629 8 821
630 3 665
630 3 837
630 7 881
630 5 885
630 9 935
631 9 794
631 5 857
631 2 936
632 8 807
632 7 884
633 10 685
633 9 789
633 5 829
634 5 667
634 7 879
634 3 884
634 4 904
634 7 918
634 10 944
635 7 699
635 7 707
635 3 971
636 1 684
636 10 762
636 1 969
637 10 873
637 3 924
637 5 987
638 5 667
639 6 780
639 5 792
639 2 897
640 8 663
640 9 701
641 10 699
641 2 738
641 2 741
642 4 795
642 8 830
642 8 988
643 5 724
643 9 774
643 4 847
643 7 997
644 2 924
646 1 944
646 4 980
647 9 681
647 3 759
647 9 782
647 8 872
647 8 983
648 5 873
648 5 890
649 6 814
650 4 697
650 9 759
650 1 820
650 6 831
650 3 860
650 2 914
650 6 997
651 8 675
651 10 754
652 6 654
652 10 727
652 8 775
652 4 951
653 7 994
654 9 791
654 8 797
654 7 820
654 6 956
655 2 692
655 2 805
656 10 829
656 5 926
657 4 676
657 4 777
657 10 807
658 1 857
658 1 984
659 3 858
659 10 876
659 6 927
659 7 968
659 9 996
660 5 771
660 1 921
660 7 968
660 4 994
661 1 755
661 1 801
661 3 814
661 8 847
661 2 982
662 6 704
662 5 868
662 10 934
664 1 921
664 7 964
665 2 831
666 1 812
666 2 876
666 4 960
667 7 680
667 2 829
667 8 901
667 6 940
667 5 945
668 9 735
668 9 833
668 3 877
669 1 740
669 10 767
669 10 918
669 10 957
669 8 975
670 5 883
671 7 797
672 5 683
672 6 774
672 6 784
672 6 850
672 4 877
672 6 964
673 9 735
673 3 959
674 2 793
674 2 950
674 6 978
675 10 676
675 2 802
675 6 904
676 8 688
676 3 779
676 3 801
676 7 838
676 10 934
677 5 727
677 7 763
677 2 764
677 5 786
677 5 868
677 1 889
679 4 877
679 4 886
679 10 893
680 2 780
681 7 695
681 1 770
681 4 813
681 4 917
681 1 956
682 2 860
682 5 965
683 10 779
683 3 819
684 5 845
684 8 865
685 4 719
685 9 775
686 6 892
686 3 909
688 7 861
688 5 937
689 5 840
689 8 959
690 3 717
690 9 934
690 1 967
691 7 843
692 3 746
692 3 913
693 5 913
693 6 976
694 10 762
694 3 800
694 4 896
694 7 897
694 9 964
695 7 862
695 2 938
696 10 811
696 2 828
696 5 984
697 10 794
697 8 800
697 1 812
697 7 985
698 4 805
698 10 895
699 3 726
699 2 832
700 1 711
701 4 703
701 2 777
701 4 786
701 3 851
701 6 864
703 7 822
703 2 938
704 6 726
704 5 869
704 8 911
704 8 939
706 3 885
706 5 897
707 4 881
707 3 938
708 9 723
708 6 764
708 5 780
708 10 906
709 5 848
709 10 877
710 3 777
710 3 919
711 7 957
711 6 977
712 5 832
713 1 918
714 4 839
714 5 869
715 9 718
716 1 852
716 2 895
717 4 735
717 9 958
717 1 982
718 10 983
718 10 996
719 8 946
720 4 882
721 8 826
721 7 886
721 2 979
722 1 783
722 7 933
723 4 738
723 10 799
723 5 848
723 6 975
724 1 754
725 7 806
726 2 733
727 1 867
727 2 904
727 8 988
728 2 774
728 5 798
728 8 806
728 8 824
728 5 971
728 2 972
729 7 830
729 4 846
729 2 847
729 1 974
730 2 734
731 10 764
731 6 982
732 10 871
733 6 740
733 5 793
733 5 799
733 3 811
734 4 760
734 6 801
734 3 956
735 3 737
736 7 760
736 9 841
737 4 780
737 9 789
737 10 803
737 9 813
737 2 989
738 8 830
738 3 841
739 9 806
739 8 821
739 1 944
741 5 766
741 1 937
741 2 957
743 10 894
743 3 940
744 10 857
744 9 965
744 10 990
746 1 786
746 2 974
746 10 984
747 4 762
747 3 820
747 3 993
748 8 797
749 6 813
749 1 857
749 5 938
750 7 764
750 1 853
750 8 928
750 5 939
750 9 981
751 6 876
751 4 951
752 10 777
752 2 894
752 6 932
752 4 956
752 7 996
752 10 999
753 9 808
753 6 968
754 2 820
754 3 917
754 3 947
755 6 918
757 9 812
757 7 823
757 5 875
757 1 984
759 10 919
759 4 997
760 2 859
760 3 989
761 7 809
761 10 837
761 4 990
762 9 775
762 10 924
762 2 972
763 4 797
763 1 848
764 8 883
764 9 941
764 2 985
764 7 996
765 6 863
765 2 884
765 1 986
766 3 838
766 10 858
768 9 856
768 9 895
768 9 993
769 7 974
770 1 872
770 5 975
771 3 791
771 6 898
771 9 989
772 7 850
772 8 949
772 7 977
773 9 799
773 9 837
773 6 891
773 9 945
773 4 959
775 8 808
775 2 979
776 4 847
776 2 910
776 6 946
777 6 875
779 4 800
779 1 913
779 6 957
779 5 975
779 2 977
780 4 821
781 5 905
781 8 932
782 2 957
783 9 873
784 1 797
784 4 826
784 2 999
785 8 857
785 2 927
787 5 857
787 10 882
787 10 916
787 8 996
788 10 797
788 8 798
788 4 975
789 3 811
789 3 857
791 9 951
792 6 934
792 1 980
793 10 836
793 2 889
793 6 915
796 6 809
797 9 808
797 7 933
798 10 846
798 9 933
798 4 957
799 7 903
800 4 820
800 1 972
802 7 842
802 10 910
802 2 927
802 3 929
803 1 816
803 2 965
804 5 845
805 3 882
807 5 810
807 5 905
808 4 849
809 5 924
810 7 888
812 2 813
812 1 878
812 8 979
814 6 843
814 1 952
815 8 943
815 2 950
816 9 849
816 2 879
816 2 954
817 5 977
817 5 981
818 3 893
820 6 892
820 3 938
820 10 939
821 3 892
823 10 843
823 7 933
823 1 960
823 1 969
824 4 891
825 4 847
825 3 989
826 4 902
826 1 941
826 6 989
826 4 996
827 5 902
827 10 972
831 7 968
832 10 876
833 9 848
834 1 949
834 6 972
835 2 859
835 10 873
835 9 882
835 5 884
836 8 847
836 6 963
838 9 850
838 9 948
839 10 972
840 3 860
840 9 904
842 9 868
842 7 970
843 3 915
844 1 956
845 5 873
846 6 982
847 3 974
847 8 975
849 9 899
850 10 875
851 2 861
852 8 986
853 8 965
853 7 978
854 10 889
855 1 976
856 5 953
858 1 867
860 9 903
860 10 972
861 1 895
862 3 970
863 5 904
863 2 940
863 2 995
865 10 882
865 9 937
865 1 981
865 5 982
867 7 902
867 4 950
868 4 903
870 6 965
872 8 933
872 3 965
873 2 910
873 3 956
875 4 897
877 9 885
880 4 950
882 6 894
883 5 916
884 4 959
887 2 902
892 10 984
893 1 992
894 4 926
895 1 969
896 10 903
898 10 922
898 7 949
899 7 981
904 2 939
906 8 999
907 10 933
908 7 956
910 6 928
914 9 924
914 7 987
915 5 942
915 7 952
915 2 980
916 1 968
916 3 979
916 3 994
917 2 923
917 2 946
927 8 950
927 10 963
927 9 989
928 2 991
930 5 933
930 4 990
936 9 965
939 4 967
941 3 952
946 10 960
948 2 965
953 6 990
954 9 959
956 10 990
966 3 975
971 2 977
974 8 995
979 6 998
981 4 998
984 5 990
