500
0 4 1
1 7 2
2 8 3
3 6 4
4 4 5
5 6 6
6 7 7
7 3 8
8 10 9
9 2 10
10 3 11
11 8 12
12 1 13
13 10 14
14 4 15
15 7 16
16 1 17
17 7 18
18 3 19
19 7 20
20 2 21
21 9 22
22 8 23
23 10 24
24 3 25
25 1 26
26 3 27
27 4 28
28 8 29
29 6 30
30 10 31
31 3 32
32 3 33
33 9 34
34 10 35
35 8 36
36 4 37
37 7 38
38 2 39
39 3 40
40 10 41
41 4 42
42 2 43
43 10 44
44 5 45
45 8 46
46 9 47
47 5 48
48 6 49
49 1 50
50 4 51
51 7 52
52 2 53
53 1 54
54 7 55
55 4 56
56 3 57
57 1 58
58 7 59
59 2 60
60 6 61
61 6 62
62 5 63
63 8 64
64 7 65
65 6 66
66 7 67
67 10 68
68 4 69
69 8 70
70 5 71
71 6 72
72 3 73
73 6 74
74 5 75
75 8 76
76 5 77
77 5 78
78 4 79
79 1 80
80 8 81
81 9 82
82 7 83
83 9 84
84 9 85
85 5 86
86 4 87
87 2 88
88 5 89
89 10 90
90 3 91
91 1 92
92 7 93
93 9 94
94 10 95
95 3 96
96 7 97
97 7 98
98 5 99
99 10 100
100 6 101
101 1 102
102 5 103
103 9 104
104 8 105
105 2 106
106 8 107
107 3 108
108 8 109
109 3 110
110 3 111
111 7 112
112 2 113
113 1 114
114 7 115
115 2 116
116 6 117
117 10 118
118 5 119
119 10 120
120 1 121
121 10 122
122 2 123
123 8 124
124 8 125
125 2 126
126 2 127
127 6 128
128 10 129
129 8 130
130 8 131
131 7 132
132 8 133
133 4 134
134 7 135
135 6 136
136 7 137
137 4 138
138 10 139
139 5 140
140 9 141
141 2 142
142 3 143
143 10 144
144 4 145
145 10 146
146 1 147
147 9 148
148 9 149
149 6 150
150 1 151
151 10 152
152 7 153
153 4 154
154 9 155
155 6 156
156 7 157
157 2 158
158 2 159
159 6 160
160 10 161
161 9 162
162 5 163
163 9 164
164 2 165
165 1 166
166 4 167
167 1 168
168 5 169
169 5 170
170 5 171
171 5 172
172 8 173
173 7 174
174 4 175
175 2 176
176 8 177
177 6 178
178 10 179
179 7 180
180 3 181
181 2 182
182 8 183
183 9 184
184 6 185
185 8 186
186 5 187
187 2 188
188 9 189
189 6 190
190 10 191
191 8 192
192 6 193
193 4 194
194 9 195
195 9 196
196 4 197
197 2 198
198 9 199
199 10 200
200 7 201
201 5 202
202 4 203
203 4 204
204 4 205
205 9 206
206 7 207
207 1 208
208 5 209
209 9 210
210 9 211
211 9 212
212 10 213
213 8 214
214 8 215
215 7 216
216 5 217
217 4 218
218 1 219
219 4 220
220 1 221
221 10 222
222 3 223
223 6 224
224 5 225
225 1 226
226 6 227
227 10 228
228 5 229
229 7 230
230 10 231
231 3 232
232 3 233
233 5 234
234 8 235
235 8 236
236 6 237
237 5 238
238 9 239
239 2 240
240 3 241
241 9 242
242 10 243
243 4 244
244 7 245
245 9 246
246 1 247
247 3 248
248 2 249
249 1 250
250 6 251
251 2 252
252 2 253
253 1 254
254 9 255
255 6 256
256 1 257
257 7 258
258 5 259
259 7 260
260 3 261
261 6 262
262 9 263
263 7 264
264 3 265
265 9 266
266 5 267
267 8 268
268 3 269
269 5 270
270 1 271
271 7 272
272 3 273
273 10 274
274 10 275
275 1 276
276 9 277
277 2 278
278 4 279
279 2 280
280 2 281
281 1 282
282 4 283
283 5 284
284 1 285
285 4 286
286 10 287
287 2 288
288 10 289
289 7 290
290 10 291
291 4 292
292 4 293
293 9 294
294 1 295
295 6 296
296 7 297
297 7 298
298 5 299
299 1 300
300 1 301
301 5 302
302 7 303
303 3 304
304 7 305
305 8 306
306 6 307
307 7 308
308 10 309
309 9 310
310 8 311
311 3 312
312 9 313
313 3 314
314 10 315
315 10 316
316 7 317
317 1 318
318 3 319
319 8 320
320 7 321
321 2 322
322 4 323
323 3 324
324 2 325
325 6 326
326 10 327
327 10 328
328 2 329
329 5 330
330 10 331
331 2 332
332 1 333
333 8 334
334 6 335
335 9 336
336 8 337
337 1 338
338 5 339
339 9 340
340 1 341
341 5 342
342 3 343
343 10 344
344 7 345
345 2 346
346 1 347
347 5 348
348 3 349
349 3 350
350 3 351
351 1 352
352 6 353
353 6 354
354 3 355
355 10 356
356 1 357
357 3 358
358 9 359
359 4 360
360 9 361
361 1 362
362 5 363
363 1 364
364 10 365
365 2 366
366 10 367
367 7 368
368 3 369
369 6 370
370 5 371
371 5 372
372 10 373
373 10 374
374 4 375
375 7 376
376 1 377
377 6 378
378 1 379
379 3 380
380 10 381
381 5 382
382 4 383
383 6 384
384 2 385
385 8 386
386 5 387
387 4 388
388 2 389
389 5 390
390 7 391
391 10 392
392 5 393
393 3 394
394 3 395
395 7 396
396 5 397
397 2 398
398 3 399
399 9 400
400 9 401
401 10 402
402 3 403
403 9 404
404 9 405
405 9 406
406 7 407
407 9 408
408 4 409
409 9 410
410 4 411
411 4 412
412 4 413
413 9 414
414 1 415
415 5 416
416 8 417
417 7 418
418 9 419
419 10 420
420 1 421
421 7 422
422 9 423
423 8 424
424 10 425
425 1 426
426 4 427
427 4 428
428 4 429
429 8 430
430 4 431
431 3 432
432 7 433
433 6 434
434 3 435
435 7 436
436 6 437
437 9 438
438 8 439
439 10 440
440 7 441
441 1 442
442 5 443
443 2 444
444 1 445
445 5 446
446 9 447
447 8 448
448 1 449
449 9 450
450 7 451
451 3 452
452 5 453
453 8 454
454 10 455
455 4 456
456 10 457
457 3 458
458 9 459
459 4 460
460 1 461
461 2 462
462 8 463
463 9 464
464 10 465
465 2 466
466 6 467
467 5 468
468 10 469
469 3 470
470 6 471
471 8 472
472 5 473
473 10 474
474 10 475
475 5 476
476 6 477
477 10 478
478 4 479
479 6 480
480 8 481
481 1 482
482 9 483
483 2 484
484 10 485
485 10 486
486 8 487
487 9 488
488 3 489
489 6 490
490 4 491
491 5 492
492 10 493
493 1 494
494 3 495
495 1 496
496 2 497
497 10 498
498 7 499
