1000
0 4 1
1 7 2
2 8 3
3 6 4
4 4 5
5 6 6
6 7 7
7 3 8
8 10 9
9 2 10
10 3 11
11 8 12
12 1 13
13 10 14
14 4 15
15 7 16
16 1 17
17 7 18
18 3 19
19 7 20
20 2 21
21 9 22
22 8 23
23 10 24
24 3 25
25 1 26
26 3 27
27 4 28
28 8 29
29 6 30
30 10 31
31 3 32
32 3 33
33 9 34
34 10 35
35 8 36
36 4 37
37 7 38
38 2 39
39 3 40
40 10 41
41 4 42
42 2 43
43 10 44
44 5 45
45 8 46
46 9 47
47 5 48
48 6 49
49 1 50
50 4 51
51 7 52
52 2 53
53 1 54
54 7 55
55 4 56
56 3 57
57 1 58
58 7 59
59 2 60
60 6 61
61 6 62
62 5 63
63 8 64
64 7 65
65 6 66
66 7 67
67 10 68
68 4 69
69 8 70
70 5 71
71 6 72
72 3 73
73 6 74
74 5 75
75 8 76
76 5 77
77 5 78
78 4 79
79 1 80
80 8 81
81 9 82
82 7 83
83 9 84
84 9 85
85 5 86
86 4 87
87 2 88
88 5 89
89 10 90
90 3 91
91 1 92
92 7 93
93 9 94
94 10 95
95 3 96
96 7 97
97 7 98
98 5 99
99 10 100
100 6 101
101 1 102
102 5 103
103 9 104
104 8 105
105 2 106
106 8 107
107 3 108
108 8 109
109 3 110
110 3 111
111 7 112
112 2 113
113 1 114
114 7 115
115 2 116
116 6 117
117 10 118
118 5 119
119 10 120
120 1 121
121 10 122
122 2 123
123 8 124
124 8 125
125 2 126
126 2 127
127 6 128
128 10 129
129 8 130
130 8 131
131 7 132
132 8 133
133 4 134
134 7 135
135 6 136
136 7 137
137 4 138
138 10 139
139 5 140
140 9 141
141 2 142
142 3 143
143 10 144
144 4 145
145 10 146
146 1 147
147 9 148
148 9 149
149 6 150
150 1 151
151 10 152
152 7 153
153 4 154
154 9 155
155 6 156
156 7 157
157 2 158
158 2 159
159 6 160
160 10 161
161 9 162
162 5 163
163 9 164
164 2 165
165 1 166
166 4 167
167 1 168
168 5 169
169 5 170
170 5 171
171 5 172
172 8 173
173 7 174
174 4 175
175 2 176
176 8 177
177 6 178
178 10 179
179 7 180
180 3 181
181 2 182
182 8 183
183 9 184
184 6 185
185 8 186
186 5 187
187 2 188
188 9 189
189 6 190
190 10 191
191 8 192
192 6 193
193 4 194
194 9 195
195 9 196
196 4 197
197 2 198
198 9 199
199 10 200
200 7 201
201 5 202
202 4 203
203 4 204
204 4 205
205 9 206
206 7 207
207 1 208
208 5 209
209 9 210
210 9 211
211 9 212
212 10 213
213 8 214
214 8 215
215 7 216
216 5 217
217 4 218
218 1 219
219 4 220
220 1 221
221 10 222
222 3 223
223 6 224
224 5 225
225 1 226
226 6 227
227 10 228
228 5 229
229 7 230
230 10 231
231 3 232
232 3 233
233 5 234
234 8 235
235 8 236
236 6 237
237 5 238
238 9 239
239 2 240
240 3 241
241 9 242
242 10 243
243 4 244
244 7 245
245 9 246
246 1 247
247 3 248
248 2 249
249 1 250
250 6 251
251 2 252
252 2 253
253 1 254
254 9 255
255 6 256
256 1 257
257 7 258
258 5 259
259 7 260
260 3 261
261 6 262
262 9 263
263 7 264
264 3 265
265 9 266
266 5 267
267 8 268
268 3 269
269 5 270
270 1 271
271 7 272
272 3 273
273 10 274
274 10 275
275 1 276
276 9 277
277 2 278
278 4 279
279 2 280
280 2 281
281 1 282
282 4 283
283 5 284
284 1 285
285 4 286
286 10 287
287 2 288
288 10 289
289 7 290
290 10 291
291 4 292
292 4 293
293 9 294
294 1 295
295 6 296
296 7 297
297 7 298
298 5 299
299 1 300
300 1 301
301 5 302
302 7 303
303 3 304
304 7 305
305 8 306
306 6 307
307 7 308
308 10 309
309 9 310
310 8 311
311 3 312
312 9 313
313 3 314
314 10 315
315 10 316
316 7 317
317 1 318
318 3 319
319 8 320
320 7 321
321 2 322
322 4 323
323 3 324
324 2 325
325 6 326
326 10 327
327 10 328
328 2 329
329 5 330
330 10 331
331 2 332
332 1 333
333 8 334
334 6 335
335 9 336
336 8 337
337 1 338
338 5 339
339 9 340
340 1 341
341 5 342
342 3 343
343 10 344
344 7 345
345 2 346
346 1 347
347 5 348
348 3 349
349 3 350
350 3 351
351 1 352
352 6 353
353 6 354
354 3 355
355 10 356
356 1 357
357 3 358
358 9 359
359 4 360
360 9 361
361 1 362
362 5 363
363 1 364
364 10 365
365 2 366
366 10 367
367 7 368
368 3 369
369 6 370
370 5 371
371 5 372
372 10 373
373 10 374
374 4 375
375 7 376
376 1 377
377 6 378
378 1 379
379 3 380
380 10 381
381 5 382
382 4 383
383 6 384
384 2 385
385 8 386
386 5 387
387 4 388
388 2 389
389 5 390
390 7 391
391 10 392
392 5 393
393 3 394
394 3 395
395 7 396
396 5 397
397 2 398
398 3 399
399 9 400
400 9 401
401 10 402
402 3 403
403 9 404
404 9 405
405 9 406
406 7 407
407 9 408
408 4 409
409 9 410
410 4 411
411 4 412
412 4 413
413 9 414
414 1 415
415 5 416
416 8 417
417 7 418
418 9 419
419 10 420
420 1 421
421 7 422
422 9 423
423 8 424
424 10 425
425 1 426
426 4 427
427 4 428
428 4 429
429 8 430
430 4 431
431 3 432
432 7 433
433 6 434
434 3 435
435 7 436
436 6 437
437 9 438
438 8 439
439 10 440
440 7 441
441 1 442
442 5 443
443 2 444
444 1 445
445 5 446
446 9 447
447 8 448
448 1 449
449 9 450
450 7 451
451 3 452
452 5 453
453 8 454
454 10 455
455 4 456
456 10 457
457 3 458
458 9 459
459 4 460
460 1 461
461 2 462
462 8 463
463 9 464
464 10 465
465 2 466
466 6 467
467 5 468
468 10 469
469 3 470
470 6 471
471 8 472
472 5 473
473 10 474
474 10 475
475 5 476
476 6 477
477 10 478
478 4 479
479 6 480
480 8 481
481 1 482
482 9 483
483 2 484
484 10 485
485 10 486
486 8 487
487 9 488
488 3 489
489 6 490
490 4 491
491 5 492
492 10 493
493 1 494
494 3 495
495 1 496
496 2 497
497 10 498
498 7 499
499 3 500
500 2 501
501 3 502
502 1 503
503 8 504
504 4 505
505 2 506
506 2 507
507 10 508
508 1 509
509 6 510
510 7 511
511 8 512
512 8 513
513 5 514
514 1 515
515 7 516
516 5 517
517 8 518
518 5 519
519 9 520
520 6 521
521 9 522
522 3 523
523 7 524
524 1 525
525 7 526
526 7 527
527 5 528
528 7 529
529 3 530
530 9 531
531 10 532
532 7 533
533 1 534
534 8 535
535 1 536
536 2 537
537 1 538
538 2 539
539 4 540
540 8 541
541 8 542
542 3 543
543 7 544
544 5 545
545 6 546
546 3 547
547 1 548
548 3 549
549 10 550
550 1 551
551 10 552
552 10 553
553 5 554
554 6 555
555 2 556
556 1 557
557 4 558
558 8 559
559 9 560
560 9 561
561 7 562
562 1 563
563 5 564
564 7 565
565 8 566
566 7 567
567 1 568
568 10 569
569 8 570
570 6 571
571 10 572
572 8 573
573 9 574
574 6 575
575 4 576
576 4 577
577 9 578
578 4 579
579 8 580
580 10 581
581 4 582
582 8 583
583 9 584
584 8 585
585 5 586
586 2 587
587 10 588
588 1 589
589 10 590
590 9 591
591 9 592
592 6 593
593 9 594
594 5 595
595 4 596
596 8 597
597 2 598
598 4 599
599 9 600
600 1 601
601 10 602
602 8 603
603 10 604
604 10 605
605 4 606
606 3 607
607 5 608
608 4 609
609 8 610
610 2 611
611 3 612
612 3 613
613 1 614
614 3 615
615 2 616
616 8 617
617 6 618
618 2 619
619 8 620
620 5 621
621 2 622
622 8 623
623 2 624
624 2 625
625 2 626
626 8 627
627 1 628
628 5 629
629 1 630
630 9 631
631 6 632
632 2 633
633 7 634
634 7 635
635 3 636
636 2 637
637 10 638
638 7 639
639 5 640
640 9 641
641 1 642
642 9 643
643 2 644
644 1 645
645 3 646
646 3 647
647 10 648
648 8 649
649 6 650
650 7 651
651 5 652
652 7 653
653 4 654
654 8 655
655 10 656
656 8 657
657 5 658
658 10 659
659 2 660
660 8 661
661 1 662
662 7 663
663 1 664
664 9 665
665 6 666
666 4 667
667 10 668
668 5 669
669 2 670
670 6 671
671 5 672
672 2 673
673 6 674
674 6 675
675 5 676
676 10 677
677 9 678
678 4 679
679 9 680
680 6 681
681 3 682
682 3 683
683 3 684
684 8 685
685 1 686
686 4 687
687 5 688
688 7 689
689 4 690
690 7 691
691 4 692
692 4 693
693 5 694
694 5 695
695 4 696
696 10 697
697 8 698
698 3 699
699 6 700
700 9 701
701 10 702
702 1 703
703 3 704
704 5 705
705 8 706
706 7 707
707 6 708
708 8 709
709 2 710
710 4 711
711 4 712
712 4 713
713 9 714
714 6 715
715 2 716
716 1 717
717 9 718
718 8 719
719 7 720
720 4 721
721 6 722
722 1 723
723 9 724
724 1 725
725 5 726
726 2 727
727 2 728
728 4 729
729 6 730
730 10 731
731 4 732
732 5 733
733 2 734
734 6 735
735 1 736
736 9 737
737 4 738
738 6 739
739 7 740
740 6 741
741 10 742
742 10 743
743 1 744
744 8 745
745 7 746
746 4 747
747 8 748
748 7 749
749 2 750
750 6 751
751 1 752
752 7 753
753 6 754
754 1 755
755 9 756
756 2 757
757 3 758
758 3 759
759 7 760
760 10 761
761 2 762
762 1 763
763 5 764
764 3 765
765 8 766
766 5 767
767 1 768
768 4 769
769 3 770
770 9 771
771 1 772
772 4 773
773 8 774
774 1 775
775 1 776
776 4 777
777 5 778
778 10 779
779 3 780
780 8 781
781 5 782
782 3 783
783 6 784
784 3 785
785 5 786
786 5 787
787 4 788
788 9 789
789 7 790
790 1 791
791 9 792
792 10 793
793 3 794
794 3 795
795 4 796
796 2 797
797 9 798
798 4 799
799 5 800
800 3 801
801 3 802
802 5 803
803 6 804
804 2 805
805 8 806
806 6 807
807 8 808
808 2 809
809 7 810
810 10 811
811 9 812
812 2 813
813 4 814
814 4 815
815 4 816
816 8 817
817 10 818
818 9 819
819 7 820
820 8 821
821 1 822
822 5 823
823 9 824
824 5 825
825 9 826
826 2 827
827 7 828
828 9 829
829 6 830
830 3 831
831 2 832
832 10 833
833 10 834
834 7 835
835 1 836
836 7 837
837 5 838
838 10 839
839 10 840
840 1 841
841 9 842
842 10 843
843 4 844
844 2 845
845 5 846
846 9 847
847 10 848
848 7 849
849 8 850
850 8 851
851 4 852
852 8 853
853 2 854
854 3 855
855 3 856
856 2 857
857 6 858
858 1 859
859 10 860
860 1 861
861 5 862
862 1 863
863 2 864
864 4 865
865 8 866
866 5 867
867 2 868
868 2 869
869 4 870
870 1 871
871 4 872
872 3 873
873 2 874
874 8 875
875 6 876
876 7 877
877 6 878
878 5 879
879 3 880
880 3 881
881 2 882
882 8 883
883 3 884
884 5 885
885 2 886
886 7 887
887 6 888
888 8 889
889 9 890
890 6 891
891 10 892
892 3 893
893 8 894
894 4 895
895 7 896
896 5 897
897 8 898
898 10 899
899 8 900
900 3 901
901 3 902
902 2 903
903 7 904
904 4 905
905 1 906
906 3 907
907 2 908
908 6 909
909 7 910
910 6 911
911 1 912
912 1 913
913 4 914
914 5 915
915 7 916
916 7 917
917 1 918
918 3 919
919 6 920
920 9 921
921 10 922
922 6 923
923 1 924
924 7 925
925 1 926
926 9 927
927 4 928
928 8 929
929 9 930
930 3 931
931 2 932
932 1 933
933 6 934
934 9 935
935 6 936
936 6 937
937 1 938
938 8 939
939 4 940
940 9 941
941 3 942
942 4 943
943 1 944
944 8 945
945 8 946
946 8 947
947 7 948
948 10 949
949 2 950
950 2 951
951 10 952
952 1 953
953 9 954
954 10 955
955 9 956
956 9 957
957 1 958
958 4 959
959 8 960
960 1 961
961 7 962
962 10 963
963 3 964
964 2 965
965 8 966
966 8 967
967 10 968
968 8 969
969 7 970
970 3 971
971 8 972
972 2 973
973 6 974
974 9 975
975 9 976
976 5 977
977 6 978
978 7 979
979 6 980
980 7 981
981 9 982
982 5 983
983 9 984
984 9 985
985 4 986
986 9 987
987 8 988
988 6 989
989 3 990
990 5 991
991 6 992
992 1 993
993 6 994
994 8 995
995 4 996
996 3 997
997 8 998
998 3 999
