100
0 7 12
0 7 24
0 8 25
0 10 29
0 9 39
0 7 46
1 4 3
1 4 6
1 1 56
1 1 61
1 3 97
2 1 10
2 3 29
2 10 31
2 3 44
2 2 68
2 8 74
3 1 19
3 4 20
3 1 28
3 4 33
3 7 85
3 4 90
4 2 13
4 3 22
4 7 36
4 2 39
4 9 40
4 4 43
4 4 54
4 9 55
4 2 71
4 2 73
4 10 75
4 10 79
4 9 96
5 8 21
5 5 25
5 10 37
5 1 48
5 9 50
5 10 63
5 1 78
5 3 82
5 4 90
6 2 15
6 8 28
6 1 59
6 10 60
6 4 65
6 2 84
7 10 33
7 7 45
7 10 83
8 4 28
8 4 40
8 9 53
8 6 68
8 9 76
9 4 31
9 2 53
9 7 59
9 1 81
10 6 11
10 8 18
10 3 19
10 1 31
10 8 42
10 9 55
10 4 88
11 3 18
11 9 22
11 1 27
11 6 44
11 8 66
11 8 69
12 9 41
12 3 48
12 1 55
12 7 58
12 1 79
12 8 83
12 5 86
12 10 92
13 8 31
13 7 38
13 8 79
13 1 98
14 7 26
14 10 38
14 6 49
14 10 55
14 2 57
14 6 68
14 10 73
14 7 76
14 7 87
15 8 21
15 1 25
15 5 27
15 9 57
15 4 70
15 6 93
15 6 96
16 4 18
16 10 24
16 1 52
16 7 81
16 9 82
16 3 94
17 6 18
17 2 23
17 10 39
17 6 41
17 4 54
17 1 82
17 3 92
17 7 94
17 2 97
18 6 23
18 6 38
18 8 43
18 8 79
18 2 80
18 2 96
19 5 21
19 9 24
19 2 80
19 7 81
19 5 89
19 2 99
20 7 67
20 9 84
20 6 92
21 8 35
21 6 59
21 5 60
21 8 62
21 4 66
21 5 70
21 6 72
21 9 74
21 4 82
22 10 24
22 2 32
22 5 47
22 5 63
22 9 65
22 5 72
22 1 83
22 10 85
23 5 48
23 1 50
23 6 67
23 2 87
24 8 26
24 3 37
24 10 42
24 6 57
24 10 90
24 4 96
25 2 28
25 8 33
25 8 96
26 7 40
26 5 53
26 10 54
26 5 66
26 8 67
26 2 69
26 10 83
26 5 86
26 1 91
27 1 28
27 6 36
27 7 67
27 5 72
28 7 29
28 9 39
28 2 43
28 2 64
28 5 66
28 8 75
28 2 82
28 10 88
29 2 40
29 4 42
29 1 44
29 4 46
29 5 49
29 9 59
29 7 78
29 4 85
29 8 95
30 5 33
30 3 82
30 4 90
30 4 98
31 2 51
31 2 73
32 8 51
32 5 55
32 7 60
32 10 71
32 3 87
32 5 89
32 10 96
33 5 43
33 4 60
33 10 85
33 9 87
33 10 98
34 5 39
34 5 64
34 5 67
34 1 77
34 8 78
34 7 81
34 6 91
34 2 98
35 2 37
35 2 52
35 9 64
35 1 77
35 3 82
35 9 93
36 7 44
36 1 55
36 9 60
36 6 63
36 1 69
36 2 72
36 1 90
37 5 40
37 9 53
37 9 59
37 10 73
37 5 98
38 4 57
38 1 66
38 5 67
38 2 69
38 10 71
38 1 91
39 3 43
39 7 54
39 3 68
39 10 83
39 10 95
40 9 42
40 7 49
40 6 67
40 3 68
40 6 77
40 2 82
40 3 83
40 5 90
41 1 55
41 6 86
42 1 61
42 9 68
42 7 76
43 8 50
43 4 53
43 5 74
43 8 91
43 7 99
44 1 56
44 10 57
44 10 89
44 6 90
45 5 82
46 2 51
46 9 67
47 1 50
47 2 65
47 2 73
47 9 81
47 1 90
48 3 56
48 5 90
49 1 51
50 2 68
50 6 72
50 10 75
50 1 93
51 10 54
51 6 59
51 2 80
51 3 97
52 6 70
52 10 71
52 6 96
52 2 99
53 7 97
54 2 57
54 5 75
54 10 77
54 1 90
55 3 60
55 9 79
56 3 73
56 6 81
56 8 84
56 2 90
56 2 93
57 3 66
57 3 73
57 4 81
57 10 88
57 8 93
57 8 97
58 8 69
58 10 70
58 1 84
58 1 90
58 7 98
59 7 65
59 4 73
59 3 78
59 4 90
60 5 62
60 10 63
60 2 82
61 1 81
61 2 83
62 3 70
62 2 72
62 9 75
62 10 82
62 2 83
63 7 77
63 4 97
64 4 90
64 8 97
65 1 81
67 10 68
67 9 89
68 6 90
68 7 93
68 5 98
69 9 76
69 3 82
69 5 89
70 1 83
70 2 96
71 8 80
71 9 86
72 6 74
72 9 89
72 8 91
72 6 99
73 1 76
73 9 83
74 4 88
74 8 91
74 7 93
75 10 81
76 10 83
76 6 95
76 6 98
77 6 79
77 3 87
77 7 90
77 4 95
78 6 97
79 4 84
80 6 93
81 8 82
81 2 94
81 1 96
81 7 99
83 8 86
83 7 97
84 4 88
84 3 92
85 6 86
86 6 92
86 4 93
86 1 98
88 10 97
90 10 93
91 8 92
92 4 95
94 10 97
95 3 99
