100
0 4 1
0 7 2
0 8 3
0 6 4
0 4 5
0 6 6
0 7 7
0 3 8
0 10 9
0 2 10
0 3 11
0 8 12
0 1 13
0 10 14
0 4 15
0 7 16
0 1 17
0 7 18
0 3 19
0 7 20
0 2 21
0 9 22
0 8 23
0 10 24
0 3 25
0 1 26
0 3 27
0 4 28
0 8 29
0 6 30
0 10 31
0 3 32
0 3 33
0 9 34
0 10 35
0 8 36
0 4 37
0 7 38
0 2 39
0 3 40
0 10 41
0 4 42
0 2 43
0 10 44
0 5 45
0 8 46
0 9 47
0 5 48
0 6 49
0 1 50
0 4 51
0 7 52
0 2 53
0 1 54
0 7 55
0 4 56
0 3 57
0 1 58
0 7 59
0 2 60
0 6 61
0 6 62
0 5 63
0 8 64
0 7 65
0 6 66
0 7 67
0 10 68
0 4 69
0 8 70
0 5 71
0 6 72
0 3 73
0 6 74
0 5 75
0 8 76
0 5 77
0 5 78
0 4 79
0 1 80
0 8 81
0 9 82
0 7 83
0 9 84
0 9 85
0 5 86
0 4 87
0 2 88
0 5 89
0 10 90
0 3 91
0 1 92
0 7 93
0 9 94
0 10 95
0 3 96
0 7 97
0 7 98
0 5 99
1 10 2
1 6 3
1 1 4
1 5 5
1 9 6
1 8 7
1 2 8
1 8 9
1 3 10
1 8 11
1 3 12
1 3 13
1 7 14
1 2 15
1 1 16
1 7 17
1 2 18
1 6 19
1 10 20
1 5 21
1 10 22
1 1 23
1 10 24
1 2 25
1 8 26
1 8 27
1 2 28
1 2 29
1 6 30
1 10 31
1 8 32
1 8 33
1 7 34
1 8 35
1 4 36
1 7 37
1 6 38
1 7 39
1 4 40
1 10 41
1 5 42
1 9 43
1 2 44
1 3 45
1 10 46
1 4 47
1 10 48
1 1 49
1 9 50
1 9 51
1 6 52
1 1 53
1 10 54
1 7 55
1 4 56
1 9 57
1 6 58
1 7 59
1 2 60
1 2 61
1 6 62
1 10 63
1 9 64
1 5 65
1 9 66
1 2 67
1 1 68
1 4 69
1 1 70
1 5 71
1 5 72
1 5 73
1 5 74
1 8 75
1 7 76
1 4 77
1 2 78
1 8 79
1 6 80
1 10 81
1 7 82
1 3 83
1 2 84
1 8 85
1 9 86
1 6 87
1 8 88
1 5 89
1 2 90
1 9 91
1 6 92
1 10 93
1 8 94
1 6 95
1 4 96
1 9 97
1 9 98
1 4 99
2 2 3
2 9 4
2 10 5
2 7 6
2 5 7
2 4 8
2 4 9
2 4 10
2 9 11
2 7 12
2 1 13
2 5 14
2 9 15
2 9 16
2 9 17
2 10 18
2 8 19
2 8 20
2 7 21
2 5 22
2 4 23
2 1 24
2 4 25
2 1 26
2 10 27
2 3 28
2 6 29
2 5 30
2 1 31
2 6 32
2 10 33
2 5 34
2 7 35
2 10 36
2 3 37
2 3 38
2 5 39
2 8 40
2 8 41
2 6 42
2 5 43
2 9 44
2 2 45
2 3 46
2 9 47
2 10 48
2 4 49
2 7 50
2 9 51
2 1 52
2 3 53
2 2 54
2 1 55
2 6 56
2 2 57
2 2 58
2 1 59
2 9 60
2 6 61
2 1 62
2 7 63
2 5 64
2 7 65
2 3 66
2 6 67
2 9 68
2 7 69
2 3 70
2 9 71
2 5 72
2 8 73
2 3 74
2 5 75
2 1 76
2 7 77
2 3 78
2 10 79
2 10 80
2 1 81
2 9 82
2 2 83
2 4 84
2 2 85
2 2 86
2 1 87
2 4 88
2 5 89
2 1 90
2 4 91
2 10 92
2 2 93
2 10 94
2 7 95
2 10 96
2 4 97
2 4 98
2 9 99
3 1 4
3 6 5
3 7 6
3 7 7
3 5 8
3 1 9
3 1 10
3 5 11
3 7 12
3 3 13
3 7 14
3 8 15
3 6 16
3 7 17
3 10 18
3 9 19
3 8 20
3 3 21
3 9 22
3 3 23
3 10 24
3 10 25
3 7 26
3 1 27
3 3 28
3 8 29
3 7 30
3 2 31
3 4 32
3 3 33
3 2 34
3 6 35
3 10 36
3 10 37
3 2 38
3 5 39
3 10 40
3 2 41
3 1 42
3 8 43
3 6 44
3 9 45
3 8 46
3 1 47
3 5 48
3 9 49
3 1 50
3 5 51
3 3 52
3 10 53
3 7 54
3 2 55
3 1 56
3 5 57
3 3 58
3 3 59
3 3 60
3 1 61
3 6 62
3 6 63
3 3 64
3 10 65
3 1 66
3 3 67
3 9 68
3 4 69
3 9 70
3 1 71
3 5 72
3 1 73
3 10 74
3 2 75
3 10 76
3 7 77
3 3 78
3 6 79
3 5 80
3 5 81
3 10 82
3 10 83
3 4 84
3 7 85
3 1 86
3 6 87
3 1 88
3 3 89
3 10 90
3 5 91
3 4 92
3 6 93
3 2 94
3 8 95
3 5 96
3 4 97
3 2 98
3 5 99
4 7 5
4 10 6
4 5 7
4 3 8
4 3 9
4 7 10
4 5 11
4 2 12
4 3 13
4 9 14
4 9 15
4 10 16
4 3 17
4 9 18
4 9 19
4 9 20
4 7 21
4 9 22
4 4 23
4 9 24
4 4 25
4 4 26
4 4 27
4 9 28
4 1 29
4 5 30
4 8 31
4 7 32
4 9 33
4 10 34
4 1 35
4 7 36
4 9 37
4 8 38
4 10 39
4 1 40
4 4 41
4 4 42
4 4 43
4 8 44
4 4 45
4 3 46
4 7 47
4 6 48
4 3 49
4 7 50
4 6 51
4 9 52
4 8 53
4 10 54
4 7 55
4 1 56
4 5 57
4 2 58
4 1 59
4 5 60
4 9 61
4 8 62
4 1 63
4 9 64
4 7 65
4 3 66
4 5 67
4 8 68
4 10 69
4 4 70
4 10 71
4 3 72
4 9 73
4 4 74
4 1 75
4 2 76
4 8 77
4 9 78
4 10 79
4 2 80
4 6 81
4 5 82
4 10 83
4 3 84
4 6 85
4 8 86
4 5 87
4 10 88
4 10 89
4 5 90
4 6 91
4 10 92
4 4 93
4 6 94
4 8 95
4 1 96
4 9 97
4 2 98
4 10 99
5 10 6
5 8 7
5 9 8
5 3 9
5 6 10
5 4 11
5 5 12
5 10 13
5 1 14
5 3 15
5 1 16
5 2 17
5 10 18
5 7 19
5 3 20
5 2 21
5 3 22
5 1 23
5 8 24
5 4 25
5 2 26
5 2 27
5 10 28
5 1 29
5 6 30
5 7 31
5 8 32
5 8 33
5 5 34
5 1 35
5 7 36
5 5 37
5 8 38
5 5 39
5 9 40
5 6 41
5 9 42
5 3 43
5 7 44
5 1 45
5 7 46
5 7 47
5 5 48
5 7 49
5 3 50
5 9 51
5 10 52
5 7 53
5 1 54
5 8 55
5 1 56
5 2 57
5 1 58
5 2 59
5 4 60
5 8 61
5 8 62
5 3 63
5 7 64
5 5 65
5 6 66
5 3 67
5 1 68
5 3 69
5 10 70
5 1 71
5 10 72
5 10 73
5 5 74
5 6 75
5 2 76
5 1 77
5 4 78
5 8 79
5 9 80
5 9 81
5 7 82
5 1 83
5 5 84
5 7 85
5 8 86
5 7 87
5 1 88
5 10 89
5 8 90
5 6 91
5 10 92
5 8 93
5 9 94
5 6 95
5 4 96
5 4 97
5 9 98
5 4 99
6 8 7
6 10 8
6 4 9
6 8 10
6 9 11
6 8 12
6 5 13
6 2 14
6 10 15
6 1 16
6 10 17
6 9 18
6 9 19
6 6 20
6 9 21
6 5 22
6 4 23
6 8 24
6 2 25
6 4 26
6 9 27
6 1 28
6 10 29
6 8 30
6 10 31
6 10 32
6 4 33
6 3 34
6 5 35
6 4 36
6 8 37
6 2 38
6 3 39
6 3 40
6 1 41
6 3 42
6 2 43
6 8 44
6 6 45
6 2 46
6 8 47
6 5 48
6 2 49
6 8 50
6 2 51
6 2 52
6 2 53
6 8 54
6 1 55
6 5 56
6 1 57
6 9 58
6 6 59
6 2 60
6 7 61
6 7 62
6 3 63
6 2 64
6 10 65
6 7 66
6 5 67
6 9 68
6 1 69
6 9 70
6 2 71
6 1 72
6 3 73
6 3 74
6 10 75
6 8 76
6 6 77
6 7 78
6 5 79
6 7 80
6 4 81
6 8 82
6 10 83
6 8 84
6 5 85
6 10 86
6 2 87
6 8 88
6 1 89
6 7 90
6 1 91
6 9 92
6 6 93
6 4 94
6 10 95
6 5 96
6 2 97
6 6 98
6 5 99
7 2 8
7 6 9
7 6 10
7 5 11
7 10 12
7 9 13
7 4 14
7 9 15
7 6 16
7 3 17
7 3 18
7 3 19
7 8 20
7 1 21
7 4 22
7 5 23
7 7 24
7 4 25
7 7 26
7 4 27
7 4 28
7 5 29
7 5 30
7 4 31
7 10 32
7 8 33
7 3 34
7 6 35
7 9 36
7 10 37
7 1 38
7 3 39
7 5 40
7 8 41
7 7 42
7 6 43
7 8 44
7 2 45
7 4 46
7 4 47
7 4 48
7 9 49
7 6 50
7 2 51
7 1 52
7 9 53
7 8 54
7 7 55
7 4 56
7 6 57
7 1 58
7 9 59
7 1 60
7 5 61
7 2 62
7 2 63
7 4 64
7 6 65
7 10 66
7 4 67
7 5 68
7 2 69
7 6 70
7 1 71
7 9 72
7 4 73
7 6 74
7 7 75
7 6 76
7 10 77
7 10 78
7 1 79
7 8 80
7 7 81
7 4 82
7 8 83
7 7 84
7 2 85
7 6 86
7 1 87
7 7 88
7 6 89
7 1 90
7 9 91
7 2 92
7 3 93
7 3 94
7 7 95
7 10 96
7 2 97
7 1 98
7 5 99
8 3 9
8 8 10
8 5 11
8 1 12
8 4 13
8 3 14
8 9 15
8 1 16
8 4 17
8 8 18
8 1 19
8 1 20
8 4 21
8 5 22
8 10 23
8 3 24
8 8 25
8 5 26
8 3 27
8 6 28
8 3 29
8 5 30
8 5 31
8 4 32
8 9 33
8 7 34
8 1 35
8 9 36
8 10 37
8 3 38
8 3 39
8 4 40
8 2 41
8 9 42
8 4 43
8 5 44
8 3 45
8 3 46
8 5 47
8 6 48
8 2 49
8 8 50
8 6 51
8 8 52
8 2 53
8 7 54
8 10 55
8 9 56
8 2 57
8 4 58
8 4 59
8 4 60
8 8 61
8 10 62
8 9 63
8 7 64
8 8 65
8 1 66
8 5 67
8 9 68
8 5 69
8 9 70
8 2 71
8 7 72
8 9 73
8 6 74
8 3 75
8 2 76
8 10 77
8 10 78
8 7 79
8 1 80
8 7 81
8 5 82
8 10 83
8 10 84
8 1 85
8 9 86
8 10 87
8 4 88
8 2 89
8 5 90
8 9 91
8 10 92
8 7 93
8 8 94
8 8 95
8 4 96
8 8 97
8 2 98
8 3 99
9 3 10
9 2 11
9 6 12
9 1 13
9 10 14
9 1 15
9 5 16
9 1 17
9 2 18
9 4 19
9 8 20
9 5 21
9 2 22
9 2 23
9 4 24
9 1 25
9 4 26
9 3 27
9 2 28
9 8 29
9 6 30
9 7 31
9 6 32
9 5 33
9 3 34
9 3 35
9 2 36
9 8 37
9 3 38
9 5 39
9 2 40
9 7 41
9 6 42
9 8 43
9 9 44
9 6 45
9 10 46
9 3 47
9 8 48
9 4 49
9 7 50
9 5 51
9 8 52
9 10 53
9 8 54
9 3 55
9 3 56
9 2 57
9 7 58
9 4 59
9 1 60
9 3 61
9 2 62
9 6 63
9 7 64
9 6 65
9 1 66
9 1 67
9 4 68
9 5 69
9 7 70
9 7 71
9 1 72
9 3 73
9 6 74
9 9 75
9 10 76
9 6 77
9 1 78
9 7 79
9 1 80
9 9 81
9 4 82
9 8 83
9 9 84
9 3 85
9 2 86
9 1 87
9 6 88
9 9 89
9 6 90
9 6 91
9 1 92
9 8 93
9 4 94
9 9 95
9 3 96
9 4 97
9 1 98
9 8 99
10 8 11
10 8 12
10 7 13
10 10 14
10 2 15
10 2 16
10 10 17
10 1 18
10 9 19
10 10 20
10 9 21
10 9 22
10 1 23
10 4 24
10 8 25
10 1 26
10 7 27
10 10 28
10 3 29
10 2 30
10 8 31
10 8 32
10 10 33
10 8 34
10 7 35
10 3 36
10 8 37
10 2 38
10 6 39
10 9 40
10 9 41
10 5 42
10 6 43
10 7 44
10 6 45
10 7 46
10 9 47
10 5 48
10 9 49
10 9 50
10 4 51
10 9 52
10 8 53
10 6 54
10 3 55
10 5 56
10 6 57
10 1 58
10 6 59
10 8 60
10 4 61
10 3 62
10 8 63
10 3 64
10 2 65
10 4 66
10 5 67
10 10 68
10 5 69
10 2 70
10 10 71
10 6 72
10 8 73
10 5 74
10 2 75
10 3 76
10 3 77
10 2 78
10 7 79
10 3 80
10 1 81
10 3 82
10 3 83
10 10 84
10 8 85
10 5 86
10 4 87
10 6 88
10 7 89
10 2 90
10 5 91
10 1 92
10 4 93
10 2 94
10 3 95
10 8 96
10 8 97
10 10 98
10 9 99
11 2 12
11 1 13
11 8 14
11 7 15
11 1 16
11 2 17
11 1 18
11 3 19
11 6 20
11 2 21
11 10 22
11 8 23
11 2 24
11 4 25
11 2 26
11 3 27
11 1 28
11 7 29
11 9 30
11 8 31
11 5 32
11 10 33
11 3 34
11 5 35
11 5 36
11 6 37
11 10 38
11 2 39
11 3 40
11 9 41
11 10 42
11 7 43
11 1 44
11 7 45
11 5 46
11 1 47
11 10 48
11 5 49
11 6 50
11 5 51
11 7 52
11 7 53
11 4 54
11 10 55
11 10 56
11 6 57
11 3 58
11 2 59
11 4 60
11 1 61
11 10 62
11 10 63
11 2 64
11 4 65
11 5 66
11 6 67
11 9 68
11 6 69
11 8 70
11 4 71
11 4 72
11 9 73
11 10 74
11 6 75
11 6 76
11 4 77
11 9 78
11 7 79
11 1 80
11 4 81
11 4 82
11 7 83
11 2 84
11 9 85
11 8 86
11 1 87
11 6 88
11 2 89
11 2 90
11 1 91
11 4 92
11 1 93
11 1 94
11 5 95
11 6 96
11 5 97
11 3 98
11 5 99
12 10 13
12 10 14
12 10 15
12 5 16
12 10 17
12 9 18
12 2 19
12 7 20
12 4 21
12 10 22
12 4 23
12 4 24
12 5 25
12 7 26
12 2 27
12 6 28
12 7 29
12 2 30
12 8 31
12 3 32
12 3 33
12 10 34
12 3 35
12 9 36
12 2 37
12 3 38
12 5 39
12 8 40
12 9 41
12 7 42
12 4 43
12 8 44
12 8 45
12 3 46
12 4 47
12 8 48
12 3 49
12 6 50
12 4 51
12 8 52
12 7 53
12 9 54
12 2 55
12 4 56
12 7 57
12 5 58
12 1 59
12 4 60
12 6 61
12 9 62
12 6 63
12 1 64
12 10 65
12 10 66
12 9 67
12 1 68
12 3 69
12 5 70
12 10 71
12 1 72
12 2 73
12 3 74
12 1 75
12 1 76
12 7 77
12 4 78
12 10 79
12 1 80
12 9 81
12 4 82
12 9 83
12 8 84
12 4 85
12 2 86
12 1 87
12 1 88
12 6 89
12 1 90
12 4 91
12 2 92
12 9 93
12 1 94
12 2 95
12 8 96
12 10 97
12 2 98
12 1 99
13 4 14
13 6 15
13 10 16
13 5 17
13 9 18
13 5 19
13 7 20
13 10 21
13 3 22
13 10 23
13 1 24
13 4 25
13 1 26
13 4 27
13 4 28
13 8 29
13 10 30
13 5 31
13 10 32
13 10 33
13 2 34
13 10 35
13 5 36
13 3 37
13 1 38
13 7 39
13 6 40
13 10 41
13 6 42
13 7 43
13 2 44
13 2 45
13 5 46
13 4 47
13 8 48
13 3 49
13 8 50
13 4 51
13 4 52
13 10 53
13 3 54
13 5 55
13 5 56
13 5 57
13 10 58
13 10 59
13 4 60
13 9 61
13 4 62
13 3 63
13 10 64
13 6 65
13 5 66
13 4 67
13 10 68
13 5 69
13 10 70
13 6 71
13 6 72
13 8 73
13 4 74
13 10 75
13 1 76
13 8 77
13 3 78
13 8 79
13 3 80
13 10 81
13 1 82
13 6 83
13 1 84
13 5 85
13 2 86
13 8 87
13 10 88
13 4 89
13 7 90
13 3 91
13 2 92
13 3 93
13 6 94
13 4 95
13 10 96
13 2 97
13 9 98
13 9 99
14 8 15
14 1 16
14 6 17
14 3 18
14 8 19
14 10 20
14 2 21
14 10 22
14 7 23
14 4 24
14 7 25
14 9 26
14 5 27
14 7 28
14 7 29
14 8 30
14 3 31
14 8 32
14 5 33
14 2 34
14 1 35
14 1 36
14 7 37
14 5 38
14 5 39
14 4 40
14 8 41
14 4 42
14 5 43
14 8 44
14 3 45
14 2 46
14 8 47
14 10 48
14 6 49
14 7 50
14 9 51
14 10 52
14 6 53
14 6 54
14 3 55
14 2 56
14 6 57
14 10 58
14 10 59
14 2 60
14 7 61
14 3 62
14 2 63
14 1 64
14 6 65
14 4 66
14 3 67
14 2 68
14 10 69
14 8 70
14 7 71
14 9 72
14 3 73
14 1 74
14 7 75
14 5 76
14 4 77
14 4 78
14 7 79
14 10 80
14 1 81
14 5 82
14 9 83
14 6 84
14 2 85
14 3 86
14 10 87
14 8 88
14 4 89
14 9 90
14 1 91
14 10 92
14 3 93
14 4 94
14 2 95
14 9 96
14 8 97
14 5 98
14 2 99
15 7 16
15 4 17
15 9 18
15 6 19
15 6 20
15 1 21
15 2 22
15 3 23
15 7 24
15 5 25
15 9 26
15 6 27
15 7 28
15 3 29
15 6 30
15 3 31
15 7 32
15 10 33
15 2 34
15 4 35
15 4 36
15 2 37
15 6 38
15 3 39
15 7 40
15 10 41
15 5 42
15 5 43
15 7 44
15 1 45
15 8 46
15 5 47
15 4 48
15 8 49
15 10 50
15 1 51
15 1 52
15 3 53
15 3 54
15 7 55
15 10 56
15 1 57
15 4 58
15 6 59
15 6 60
15 9 61
15 8 62
15 2 63
15 8 64
15 1 65
15 7 66
15 1 67
15 5 68
15 2 69
15 4 70
15 1 71
15 3 72
15 10 73
15 7 74
15 1 75
15 10 76
15 4 77
15 6 78
15 5 79
15 4 80
15 7 81
15 5 82
15 4 83
15 2 84
15 10 85
15 2 86
15 1 87
15 10 88
15 5 89
15 6 90
15 7 91
15 3 92
15 6 93
15 10 94
15 2 95
15 8 96
15 8 97
15 5 98
15 2 99
16 2 17
16 10 18
16 2 19
16 4 20
16 9 21
16 8 22
16 5 23
16 10 24
16 4 25
16 2 26
16 4 27
16 9 28
16 8 29
16 10 30
16 4 31
16 9 32
16 9 33
16 5 34
16 1 35
16 1 36
16 9 37
16 7 38
16 9 39
16 3 40
16 4 41
16 9 42
16 6 43
16 1 44
16 6 45
16 10 46
16 3 47
16 7 48
16 9 49
16 6 50
16 3 51
16 9 52
16 4 53
16 7 54
16 8 55
16 9 56
16 8 57
16 3 58
16 7 59
16 7 60
16 3 61
16 10 62
16 8 63
16 1 64
16 4 65
16 8 66
16 3 67
16 4 68
16 6 69
16 2 70
16 8 71
16 9 72
16 10 73
16 5 74
16 2 75
16 7 76
16 5 77
16 4 78
16 6 79
16 5 80
16 9 81
16 8 82
16 4 83
16 4 84
16 6 85
16 1 86
16 2 87
16 5 88
16 6 89
16 8 90
16 1 91
16 8 92
16 9 93
16 10 94
16 10 95
16 4 96
16 10 97
16 5 98
16 7 99
17 5 18
17 6 19
17 6 20
17 6 21
17 7 22
17 1 23
17 7 24
17 3 25
17 7 26
17 10 27
17 10 28
17 3 29
17 10 30
17 7 31
17 6 32
17 6 33
17 4 34
17 9 35
17 7 36
17 8 37
17 4 38
17 7 39
17 1 40
17 3 41
17 7 42
17 10 43
17 4 44
17 1 45
17 9 46
17 8 47
17 7 48
17 6 49
17 3 50
17 5 51
17 1 52
17 1 53
17 7 54
17 9 55
17 6 56
17 5 57
17 10 58
17 5 59
17 7 60
17 9 61
17 4 62
17 3 63
17 4 64
17 7 65
17 3 66
17 3 67
17 5 68
17 8 69
17 1 70
17 5 71
17 10 72
17 7 73
17 6 74
17 5 75
17 7 76
17 5 77
17 3 78
17 6 79
17 2 80
17 7 81
17 2 82
17 4 83
17 8 84
17 8 85
17 2 86
17 3 87
17 2 88
17 1 89
17 9 90
17 10 91
17 1 92
17 2 93
17 4 94
17 5 95
17 9 96
17 6 97
17 9 98
17 3 99
18 3 19
18 1 20
18 7 21
18 4 22
18 7 23
18 2 24
18 1 25
18 6 26
18 8 27
18 5 28
18 3 29
18 1 30
18 1 31
18 4 32
18 4 33
18 10 34
18 1 35
18 5 36
18 4 37
18 4 38
18 5 39
18 3 40
18 5 41
18 6 42
18 4 43
18 9 44
18 2 45
18 2 46
18 4 47
18 2 48
18 6 49
18 9 50
18 2 51
18 4 52
18 4 53
18 10 54
18 8 55
18 6 56
18 5 57
18 5 58
18 10 59
18 7 60
18 8 61
18 3 62
18 2 63
18 1 64
18 2 65
18 4 66
18 8 67
18 8 68
18 7 69
18 4 70
18 10 71
18 2 72
18 1 73
18 5 74
18 2 75
18 2 76
18 9 77
18 7 78
18 5 79
18 4 80
18 5 81
18 8 82
18 8 83
18 1 84
18 8 85
18 5 86
18 6 87
18 4 88
18 1 89
18 8 90
18 3 91
18 10 92
18 10 93
18 4 94
18 1 95
18 3 96
18 8 97
18 10 98
18 10 99
19 6 20
19 3 21
19 1 22
19 9 23
19 4 24
19 6 25
19 10 26
19 7 27
19 6 28
19 7 29
19 4 30
19 1 31
19 3 32
19 1 33
19 8 34
19 5 35
19 8 36
19 4 37
19 1 38
19 2 39
19 7 40
19 8 41
19 6 42
19 8 43
19 9 44
19 9 45
19 10 46
19 1 47
19 8 48
19 9 49
19 1 50
19 4 51
19 2 52
19 1 53
19 4 54
19 7 55
19 8 56
19 4 57
19 3 58
19 3 59
19 2 60
19 6 61
19 4 62
19 4 63
19 9 64
19 3 65
19 9 66
19 6 67
19 9 68
19 1 69
19 9 70
19 7 71
19 10 72
19 4 73
19 4 74
19 8 75
19 5 76
19 4 77
19 8 78
19 2 79
19 4 80
19 10 81
19 7 82
19 5 83
19 3 84
19 1 85
19 3 86
19 10 87
19 6 88
19 8 89
19 5 90
19 7 91
19 5 92
19 10 93
19 2 94
19 3 95
19 4 96
19 2 97
19 9 98
19 2 99
20 4 21
20 9 22
20 10 23
20 3 24
20 5 25
20 6 26
20 2 27
20 1 28
20 1 29
20 2 30
20 4 31
20 4 32
20 1 33
20 1 34
20 1 35
20 3 36
20 3 37
20 3 38
20 5 39
20 8 40
20 10 41
20 9 42
20 6 43
20 5 44
20 8 45
20 9 46
20 7 47
20 1 48
20 1 49
20 7 50
20 5 51
20 4 52
20 8 53
20 6 54
20 9 55
20 2 56
20 1 57
20 10 58
20 4 59
20 1 60
20 3 61
20 7 62
20 5 63
20 4 64
20 9 65
20 7 66
20 8 67
20 1 68
20 9 69
20 2 70
20 10 71
20 9 72
20 2 73
20 7 74
20 5 75
20 9 76
20 6 77
20 1 78
20 2 79
20 6 80
20 10 81
20 8 82
20 1 83
20 7 84
20 3 85
20 9 86
20 10 87
20 6 88
20 1 89
20 3 90
20 8 91
20 3 92
20 9 93
20 2 94
20 8 95
20 8 96
20 10 97
20 8 98
20 10 99
21 9 22
21 9 23
21 10 24
21 9 25
21 1 26
21 6 27
21 3 28
21 1 29
21 3 30
21 5 31
21 4 32
21 8 33
21 4 34
21 1 35
21 1 36
21 2 37
21 6 38
21 9 39
21 1 40
21 1 41
21 1 42
21 5 43
21 8 44
21 6 45
21 4 46
21 2 47
21 5 48
21 3 49
21 1 50
21 2 51
21 4 52
21 1 53
21 1 54
21 5 55
21 9 56
21 3 57
21 3 58
21 1 59
21 3 60
21 5 61
21 6 62
21 9 63
21 5 64
21 1 65
21 9 66
21 5 67
21 3 68
21 6 69
21 5 70
21 3 71
21 8 72
21 6 73
21 8 74
21 6 75
21 3 76
21 3 77
21 9 78
21 7 79
21 7 80
21 1 81
21 1 82
21 10 83
21 2 84
21 3 85
21 7 86
21 10 87
21 5 88
21 9 89
21 3 90
21 9 91
21 3 92
21 8 93
21 9 94
21 7 95
21 8 96
21 8 97
21 1 98
21 10 99
22 5 23
22 6 24
22 5 25
22 3 26
22 3 27
22 4 28
22 10 29
22 7 30
22 6 31
22 8 32
22 5 33
22 4 34
22 10 35
22 5 36
22 5 37
22 1 38
22 7 39
22 1 40
22 3 41
22 3 42
22 9 43
22 5 44
22 4 45
22 2 46
22 2 47
22 2 48
22 10 49
22 1 50
22 1 51
22 1 52
22 3 53
22 6 54
22 8 55
22 7 56
22 10 57
22 2 58
22 10 59
22 9 60
22 8 61
22 7 62
22 6 63
22 2 64
22 2 65
22 5 66
22 9 67
22 6 68
22 8 69
22 7 70
22 7 71
22 10 72
22 2 73
22 5 74
22 4 75
22 7 76
22 8 77
22 7 78
22 10 79
22 8 80
22 7 81
22 1 82
22 10 83
22 1 84
22 8 85
22 7 86
22 7 87
22 9 88
22 8 89
22 8 90
22 7 91
22 7 92
22 6 93
22 4 94
22 8 95
22 7 96
22 10 97
22 8 98
22 3 99
23 7 24
23 5 25
23 1 26
23 8 27
23 6 28
23 5 29
23 1 30
23 2 31
23 3 32
23 9 33
23 1 34
23 2 35
23 6 36
23 3 37
23 1 38
23 8 39
23 2 40
23 7 41
23 5 42
23 10 43
23 6 44
23 4 45
23 6 46
23 2 47
23 2 48
23 1 49
23 1 50
23 8 51
23 1 52
23 9 53
23 2 54
23 7 55
23 5 56
23 2 57
23 5 58
23 10 59
23 9 60
23 7 61
23 3 62
23 3 63
23 6 64
23 3 65
23 4 66
23 3 67
23 8 68
23 4 69
23 10 70
23 1 71
23 2 72
23 6 73
23 1 74
23 7 75
23 10 76
23 8 77
23 10 78
23 3 79
23 9 80
23 10 81
23 10 82
23 9 83
23 10 84
23 4 85
23 7 86
23 4 87
23 7 88
23 1 89
23 5 90
23 5 91
23 10 92
23 7 93
23 7 94
23 5 95
23 2 96
23 10 97
23 9 98
23 1 99
24 5 25
24 10 26
24 1 27
24 6 28
24 6 29
24 1 30
24 2 31
24 7 32
24 1 33
24 3 34
24 9 35
24 9 36
24 5 37
24 10 38
24 9 39
24 4 40
24 5 41
24 5 42
24 10 43
24 2 44
24 8 45
24 6 46
24 8 47
24 7 48
24 3 49
24 5 50
24 3 51
24 6 52
24 6 53
24 1 54
24 6 55
24 3 56
24 10 57
24 8 58
24 8 59
24 7 60
24 9 61
24 2 62
24 3 63
24 1 64
24 4 65
24 3 66
24 9 67
24 8 68
24 5 69
24 7 70
24 4 71
24 9 72
24 1 73
24 5 74
24 10 75
24 8 76
24 10 77
24 8 78
24 6 79
24 2 80
24 4 81
24 8 82
24 9 83
24 1 84
24 10 85
24 6 86
24 3 87
24 2 88
24 4 89
24 3 90
24 8 91
24 4 92
24 4 93
24 3 94
24 4 95
24 9 96
24 7 97
24 2 98
24 7 99
25 1 26
25 10 27
25 2 28
25 10 29
25 2 30
25 6 31
25 1 32
25 10 33
25 5 34
25 10 35
25 7 36
25 9 37
25 3 38
25 5 39
25 7 40
25 6 41
25 4 42
25 5 43
25 8 44
25 5 45
25 8 46
25 2 47
25 5 48
25 1 49
25 5 50
25 9 51
25 4 52
25 4 53
25 5 54
25 7 55
25 2 56
25 6 57
25 6 58
25 5 59
25 7 60
25 7 61
25 10 62
25 7 63
25 8 64
25 6 65
25 7 66
25 5 67
25 4 68
25 1 69
25 1 70
25 3 71
25 6 72
25 4 73
25 9 74
25 6 75
25 1 76
25 6 77
25 7 78
25 7 79
25 8 80
25 4 81
25 5 82
25 1 83
25 9 84
25 1 85
25 9 86
25 2 87
25 6 88
25 4 89
25 6 90
25 2 91
25 2 92
25 5 93
25 1 94
25 2 95
25 2 96
25 9 97
25 6 98
25 8 99
26 9 27
26 6 28
26 2 29
26 7 30
26 1 31
26 10 32
26 2 33
26 3 34
26 5 35
26 10 36
26 1 37
26 2 38
26 5 39
26 5 40
26 4 41
26 3 42
26 6 43
26 2 44
26 4 45
26 3 46
26 7 47
26 1 48
26 7 49
26 10 50
26 7 51
26 9 52
26 1 53
26 9 54
26 7 55
26 8 56
26 6 57
26 5 58
26 5 59
26 7 60
26 1 61
26 6 62
26 6 63
26 4 64
26 10 65
26 2 66
26 6 67
26 1 68
26 5 69
26 10 70
26 7 71
26 8 72
26 5 73
26 4 74
26 1 75
26 10 76
26 7 77
26 7 78
26 1 79
26 5 80
26 6 81
26 9 82
26 3 83
26 9 84
26 7 85
26 9 86
26 6 87
26 4 88
26 5 89
26 1 90
26 2 91
26 8 92
26 8 93
26 9 94
26 1 95
26 9 96
26 10 97
26 8 98
26 9 99
27 4 28
27 10 29
27 8 30
27 3 31
27 6 32
27 1 33
27 3 34
27 5 35
27 9 36
27 1 37
27 7 38
27 3 39
27 7 40
27 6 41
27 7 42
27 7 43
27 4 44
27 5 45
27 2 46
27 8 47
27 2 48
27 4 49
27 1 50
27 9 51
27 3 52
27 10 53
27 1 54
27 2 55
27 1 56
27 9 57
27 2 58
27 7 59
27 8 60
27 9 61
27 9 62
27 3 63
27 2 64
27 4 65
27 9 66
27 10 67
27 4 68
27 6 69
27 5 70
27 2 71
27 3 72
27 3 73
27 8 74
27 8 75
27 10 76
27 2 77
27 5 78
27 1 79
27 5 80
27 8 81
27 9 82
27 8 83
27 7 84
27 9 85
27 1 86
27 9 87
27 7 88
27 2 89
27 5 90
27 6 91
27 3 92
27 6 93
27 10 94
27 4 95
27 9 96
27 9 97
27 5 98
27 4 99
28 6 29
28 1 30
28 6 31
28 10 32
28 4 33
28 5 34
28 7 35
28 3 36
28 6 37
28 4 38
28 3 39
28 1 40
28 1 41
28 1 42
28 10 43
28 9 44
28 1 45
28 10 46
28 7 47
28 8 48
28 3 49
28 2 50
28 5 51
28 5 52
28 9 53
28 5 54
28 10 55
28 9 56
28 5 57
28 5 58
28 2 59
28 10 60
28 7 61
28 9 62
28 1 63
28 10 64
28 4 65
28 7 66
28 4 67
28 9 68
28 10 69
28 6 70
28 1 71
28 2 72
28 8 73
28 2 74
28 10 75
28 9 76
28 3 77
28 7 78
28 8 79
28 6 80
28 10 81
28 4 82
28 10 83
28 10 84
28 8 85
28 10 86
28 8 87
28 4 88
28 6 89
28 1 90
28 5 91
28 2 92
28 10 93
28 5 94
28 2 95
28 5 96
28 4 97
28 7 98
28 5 99
29 3 30
29 3 31
29 8 32
29 7 33
29 2 34
29 9 35
29 6 36
29 2 37
29 2 38
29 4 39
29 1 40
29 7 41
29 5 42
29 5 43
29 8 44
29 6 45
29 4 46
29 9 47
29 3 48
29 8 49
29 4 50
29 6 51
29 4 52
29 8 53
29 5 54
29 9 55
29 1 56
29 1 57
29 2 58
29 7 59
29 5 60
29 6 61
29 9 62
29 4 63
29 2 64
29 3 65
29 3 66
29 10 67
29 6 68
29 6 69
29 5 70
29 7 71
29 4 72
29 2 73
29 3 74
29 1 75
29 7 76
29 6 77
29 2 78
29 10 79
29 5 80
29 5 81
29 7 82
29 9 83
29 2 84
29 1 85
29 9 86
29 2 87
29 3 88
29 10 89
29 9 90
29 9 91
29 7 92
29 9 93
29 3 94
29 1 95
29 3 96
29 5 97
29 10 98
29 9 99
30 2 31
30 6 32
30 7 33
30 5 34
30 7 35
30 9 36
30 7 37
30 4 38
30 6 39
30 8 40
30 5 41
30 3 42
30 5 43
30 1 44
30 3 45
30 8 46
30 3 47
30 1 48
30 2 49
30 7 50
30 2 51
30 10 52
30 5 53
30 10 54
30 10 55
30 7 56
30 10 57
30 5 58
30 3 59
30 1 60
30 3 61
30 4 62
30 7 63
30 9 64
30 10 65
30 3 66
30 9 67
30 7 68
30 8 69
30 4 70
30 6 71
30 4 72
30 6 73
30 10 74
30 6 75
30 10 76
30 8 77
30 10 78
30 10 79
30 1 80
30 6 81
30 3 82
30 2 83
30 1 84
30 3 85
30 1 86
30 7 87
30 4 88
30 7 89
30 10 90
30 5 91
30 9 92
30 5 93
30 1 94
30 9 95
30 5 96
30 5 97
30 9 98
30 3 99
31 5 32
31 3 33
31 8 34
31 8 35
31 10 36
31 10 37
31 4 38
31 10 39
31 9 40
31 5 41
31 1 42
31 9 43
31 1 44
31 6 45
31 10 46
31 1 47
31 10 48
31 2 49
31 9 50
31 3 51
31 9 52
31 8 53
31 7 54
31 9 55
31 5 56
31 9 57
31 10 58
31 9 59
31 4 60
31 8 61
31 1 62
31 8 63
31 2 64
31 10 65
31 7 66
31 4 67
31 1 68
31 2 69
31 5 70
31 9 71
31 7 72
31 7 73
31 7 74
31 7 75
31 2 76
31 8 77
31 9 78
31 3 79
31 10 80
31 7 81
31 6 82
31 10 83
31 5 84
31 4 85
31 8 86
31 9 87
31 3 88
31 9 89
31 9 90
31 8 91
31 7 92
31 1 93
31 5 94
31 10 95
31 2 96
31 3 97
31 3 98
31 3 99
32 5 33
32 7 34
32 1 35
32 3 36
32 4 37
32 10 38
32 9 39
32 7 40
32 9 41
32 7 42
32 10 43
32 8 44
32 3 45
32 7 46
32 9 47
32 9 48
32 10 49
32 9 50
32 9 51
32 2 52
32 7 53
32 9 54
32 1 55
32 5 56
32 9 57
32 5 58
32 5 59
32 3 60
32 10 61
32 7 62
32 5 63
32 6 64
32 6 65
32 5 66
32 8 67
32 1 68
32 6 69
32 8 70
32 7 71
32 5 72
32 4 73
32 6 74
32 4 75
32 8 76
32 4 77
32 3 78
32 9 79
32 4 80
32 1 81
32 9 82
32 7 83
32 7 84
32 10 85
32 8 86
32 2 87
32 10 88
32 4 89
32 8 90
32 2 91
32 3 92
32 4 93
32 6 94
32 8 95
32 1 96
32 3 97
32 7 98
32 1 99
33 8 34
33 4 35
33 8 36
33 2 37
33 9 38
33 5 39
33 8 40
33 7 41
33 9 42
33 10 43
33 7 44
33 4 45
33 10 46
33 7 47
33 10 48
33 8 49
33 6 50
33 7 51
33 1 52
33 6 53
33 3 54
33 8 55
33 7 56
33 7 57
33 4 58
33 3 59
33 5 60
33 4 61
33 7 62
33 1 63
33 5 64
33 4 65
33 7 66
33 4 67
33 8 68
33 5 69
33 10 70
33 5 71
33 3 72
33 10 73
33 4 74
33 9 75
33 3 76
33 5 77
33 6 78
33 5 79
33 4 80
33 3 81
33 3 82
33 5 83
33 8 84
33 5 85
33 2 86
33 7 87
33 2 88
33 7 89
33 9 90
33 8 91
33 1 92
33 5 93
33 10 94
33 7 95
33 10 96
33 6 97
33 2 98
33 7 99
34 1 35
34 3 36
34 3 37
34 3 38
34 3 39
34 8 40
34 4 41
34 7 42
34 2 43
34 1 44
34 1 45
34 8 46
34 3 47
34 4 48
34 2 49
34 1 50
34 8 51
34 5 52
34 9 53
34 1 54
34 2 55
34 9 56
34 8 57
34 4 58
34 5 59
34 8 60
34 2 61
34 4 62
34 5 63
34 5 64
34 3 65
34 5 66
34 7 67
34 5 68
34 10 69
34 9 70
34 5 71
34 3 72
34 6 73
34 8 74
34 3 75
34 8 76
34 5 77
34 5 78
34 1 79
34 6 80
34 7 81
34 1 82
34 1 83
34 5 84
34 1 85
34 4 86
34 3 87
34 1 88
34 9 89
34 7 90
34 10 91
34 10 92
34 3 93
34 4 94
34 6 95
34 5 96
34 9 97
34 2 98
34 1 99
35 8 36
35 3 37
35 5 38
35 10 39
35 10 40
35 3 41
35 4 42
35 7 43
35 7 44
35 8 45
35 8 46
35 5 47
35 7 48
35 10 49
35 7 50
35 1 51
35 10 52
35 10 53
35 6 54
35 2 55
35 8 56
35 4 57
35 1 58
35 9 59
35 6 60
35 5 61
35 4 62
35 10 63
35 5 64
35 7 65
35 3 66
35 4 67
35 9 68
35 7 69
35 3 70
35 8 71
35 1 72
35 8 73
35 7 74
35 8 75
35 5 76
35 4 77
35 2 78
35 3 79
35 5 80
35 8 81
35 6 82
35 6 83
35 9 84
35 1 85
35 8 86
35 8 87
35 4 88
35 8 89
35 8 90
35 10 91
35 4 92
35 3 93
35 1 94
35 8 95
35 9 96
35 3 97
35 1 98
35 8 99
36 2 37
36 5 38
36 7 39
36 2 40
36 2 41
36 3 42
36 9 43
36 9 44
36 8 45
36 2 46
36 1 47
36 2 48
36 1 49
36 8 50
36 10 51
36 1 52
36 8 53
36 7 54
36 10 55
36 4 56
36 4 57
36 7 58
36 5 59
36 10 60
36 9 61
36 5 62
36 7 63
36 10 64
36 10 65
36 8 66
36 9 67
36 1 68
36 2 69
36 5 70
36 4 71
36 6 72
36 10 73
36 5 74
36 4 75
36 9 76
36 6 77
36 6 78
36 3 79
36 9 80
36 4 81
36 2 82
36 9 83
36 3 84
36 8 85
36 1 86
36 6 87
36 3 88
36 7 89
36 2 90
36 2 91
36 8 92
36 9 93
36 9 94
36 7 95
36 8 96
36 8 97
36 5 98
36 10 99
37 1 38
37 1 39
37 3 40
37 8 41
37 2 42
37 7 43
37 3 44
37 1 45
37 5 46
37 9 47
37 3 48
37 3 49
37 4 50
37 4 51
37 3 52
37 8 53
37 3 54
37 5 55
37 6 56
37 5 57
37 2 58
37 7 59
37 9 60
37 1 61
37 5 62
37 9 63
37 9 64
37 4 65
37 6 66
37 3 67
37 5 68
37 8 69
37 5 70
37 8 71
37 6 72
37 7 73
37 6 74
37 8 75
37 7 76
37 10 77
37 8 78
37 1 79
37 4 80
37 3 81
37 4 82
37 9 83
37 1 84
37 6 85
37 3 86
37 6 87
37 2 88
37 6 89
37 2 90
37 2 91
37 6 92
37 9 93
37 10 94
37 4 95
37 4 96
37 7 97
37 8 98
37 9 99
38 7 39
38 3 40
38 6 41
38 2 42
38 1 43
38 1 44
38 1 45
38 9 46
38 3 47
38 9 48
38 9 49
38 8 50
38 1 51
38 2 52
38 6 53
38 1 54
38 9 55
38 1 56
38 8 57
38 2 58
38 6 59
38 2 60
38 4 61
38 4 62
38 10 63
38 5 64
38 9 65
38 3 66
38 4 67
38 7 68
38 1 69
38 10 70
38 1 71
38 8 72
38 1 73
38 3 74
38 1 75
38 1 76
38 1 77
38 5 78
38 1 79
38 9 80
38 2 81
38 2 82
38 10 83
38 10 84
38 4 85
38 10 86
38 10 87
38 2 88
38 3 89
38 7 90
38 5 91
38 8 92
38 10 93
38 4 94
38 3 95
38 9 96
38 8 97
38 6 98
38 7 99
39 1 40
39 5 41
39 7 42
39 10 43
39 7 44
39 9 45
39 10 46
39 7 47
39 9 48
39 6 49
39 10 50
39 9 51
39 8 52
39 1 53
39 8 54
39 9 55
39 6 56
39 9 57
39 8 58
39 9 59
39 1 60
39 6 61
39 3 62
39 9 63
39 6 64
39 8 65
39 3 66
39 6 67
39 8 68
39 10 69
39 2 70
39 8 71
39 4 72
39 10 73
39 7 74
39 10 75
39 10 76
39 9 77
39 8 78
39 8 79
39 4 80
39 7 81
39 6 82
39 3 83
39 9 84
39 5 85
39 1 86
39 7 87
39 5 88
39 10 89
39 7 90
39 7 91
39 6 92
39 10 93
39 7 94
39 3 95
39 9 96
39 9 97
39 8 98
39 6 99
40 8 41
40 1 42
40 3 43
40 3 44
40 10 45
40 2 46
40 4 47
40 9 48
40 2 49
40 4 50
40 8 51
40 7 52
40 2 53
40 5 54
40 10 55
40 3 56
40 1 57
40 2 58
40 9 59
40 7 60
40 4 61
40 5 62
40 3 63
40 1 64
40 6 65
40 10 66
40 5 67
40 5 68
40 10 69
40 2 70
40 10 71
40 10 72
40 4 73
40 5 74
40 2 75
40 3 76
40 6 77
40 8 78
40 3 79
40 7 80
40 1 81
40 2 82
40 5 83
40 2 84
40 6 85
40 4 86
40 6 87
40 8 88
40 8 89
40 4 90
40 4 91
40 3 92
40 1 93
40 8 94
40 5 95
40 8 96
40 7 97
40 9 98
40 2 99
41 9 42
41 10 43
41 4 44
41 8 45
41 3 46
41 8 47
41 1 48
41 7 49
41 5 50
41 8 51
41 1 52
41 3 53
41 10 54
41 2 55
41 7 56
41 4 57
41 9 58
41 3 59
41 9 60
41 6 61
41 10 62
41 3 63
41 1 64
41 4 65
41 5 66
41 8 67
41 8 68
41 2 69
41 7 70
41 6 71
41 6 72
41 5 73
41 7 74
41 9 75
41 2 76
41 1 77
41 6 78
41 2 79
41 9 80
41 10 81
41 2 82
41 9 83
41 2 84
41 1 85
41 10 86
41 8 87
41 4 88
41 10 89
41 2 90
41 3 91
41 7 92
41 3 93
41 7 94
41 7 95
41 6 96
41 1 97
41 6 98
41 5 99
42 4 43
42 2 44
42 10 45
42 9 46
42 8 47
42 8 48
42 7 49
42 9 50
42 8 51
42 4 52
42 3 53
42 6 54
42 5 55
42 4 56
42 6 57
42 8 58
42 6 59
42 7 60
42 6 61
42 10 62
42 6 63
42 9 64
42 4 65
42 4 66
42 2 67
42 10 68
42 10 69
42 7 70
42 2 71
42 8 72
42 2 73
42 5 74
42 1 75
42 3 76
42 6 77
42 9 78
42 1 79
42 2 80
42 7 81
42 10 82
42 8 83
42 1 84
42 6 85
42 2 86
42 4 87
42 3 88
42 10 89
42 10 90
42 10 91
42 7 92
42 1 93
42 7 94
42 5 95
42 4 96
42 1 97
42 6 98
42 5 99
43 2 44
43 5 45
43 6 46
43 9 47
43 6 48
43 2 49
43 10 50
43 10 51
43 7 52
43 8 53
43 10 54
43 1 55
43 6 56
43 10 57
43 8 58
43 7 59
43 7 60
43 9 61
43 2 62
43 9 63
43 10 64
43 3 65
43 10 66
43 6 67
43 5 68
43 7 69
43 3 70
43 8 71
43 7 72
43 8 73
43 2 74
43 8 75
43 2 76
43 9 77
43 7 78
43 9 79
43 1 80
43 8 81
43 9 82
43 7 83
43 7 84
43 10 85
43 7 86
43 2 87
43 9 88
43 6 89
43 10 90
43 7 91
43 7 92
43 2 93
43 8 94
43 6 95
43 6 96
43 7 97
43 4 98
43 1 99
44 3 45
44 6 46
44 10 47
44 9 48
44 3 49
44 4 50
44 9 51
44 7 52
44 2 53
44 7 54
44 7 55
44 2 56
44 4 57
44 5 58
44 1 59
44 10 60
44 7 61
44 9 62
44 3 63
44 7 64
44 5 65
44 3 66
44 4 67
44 1 68
44 6 69
44 1 70
44 8 71
44 3 72
44 9 73
44 1 74
44 3 75
44 4 76
44 6 77
44 5 78
44 4 79
44 1 80
44 8 81
44 2 82
44 9 83
44 9 84
44 8 85
44 5 86
44 3 87
44 3 88
44 2 89
44 3 90
44 2 91
44 8 92
44 3 93
44 7 94
44 4 95
44 7 96
44 1 97
44 9 98
44 9 99
45 8 46
45 1 47
45 9 48
45 10 49
45 10 50
45 9 51
45 5 52
45 3 53
45 7 54
45 9 55
45 8 56
45 9 57
45 6 58
45 10 59
45 9 60
45 4 61
45 7 62
45 5 63
45 8 64
45 2 65
45 6 66
45 10 67
45 5 68
45 5 69
45 3 70
45 1 71
45 1 72
45 1 73
45 1 74
45 9 75
45 2 76
45 8 77
45 2 78
45 10 79
45 10 80
45 1 81
45 10 82
45 4 83
45 5 84
45 8 85
45 4 86
45 2 87
45 8 88
45 9 89
45 3 90
45 6 91
45 4 92
45 2 93
45 3 94
45 2 95
45 3 96
45 10 97
45 3 98
45 7 99
46 5 47
46 7 48
46 10 49
46 7 50
46 10 51
46 10 52
46 5 53
46 1 54
46 10 55
46 6 56
46 2 57
46 1 58
46 8 59
46 3 60
46 4 61
46 4 62
46 3 63
46 9 64
46 8 65
46 2 66
46 7 67
46 2 68
46 10 69
46 2 70
46 3 71
46 2 72
46 5 73
46 7 74
46 1 75
46 8 76
46 4 77
46 7 78
46 6 79
46 3 80
46 3 81
46 5 82
46 4 83
46 10 84
46 7 85
46 5 86
46 7 87
46 8 88
46 5 89
46 7 90
46 3 91
46 10 92
46 10 93
46 7 94
46 8 95
46 9 96
46 8 97
46 6 98
46 3 99
47 7 48
47 8 49
47 5 50
47 8 51
47 2 52
47 2 53
47 9 54
47 1 55
47 7 56
47 7 57
47 7 58
47 1 59
47 10 60
47 1 61
47 6 62
47 9 63
47 8 64
47 1 65
47 5 66
47 7 67
47 7 68
47 1 69
47 1 70
47 7 71
47 3 72
47 7 73
47 6 74
47 3 75
47 5 76
47 2 77
47 5 78
47 3 79
47 1 80
47 2 81
47 1 82
47 4 83
47 5 84
47 1 85
47 5 86
47 1 87
47 7 88
47 3 89
47 3 90
47 8 91
47 3 92
47 8 93
47 6 94
47 2 95
47 10 96
47 1 97
47 1 98
47 7 99
48 3 49
48 1 50
48 3 51
48 5 52
48 10 53
48 10 54
48 10 55
48 6 56
48 1 57
48 4 58
48 8 59
48 1 60
48 5 61
48 10 62
48 5 63
48 9 64
48 10 65
48 1 66
48 1 67
48 9 68
48 3 69
48 3 70
48 6 71
48 7 72
48 3 73
48 2 74
48 9 75
48 2 76
48 4 77
48 1 78
48 8 79
48 8 80
48 3 81
48 2 82
48 5 83
48 2 84
48 2 85
48 4 86
48 7 87
48 4 88
48 9 89
48 7 90
48 7 91
48 4 92
48 6 93
48 3 94
48 4 95
48 8 96
48 3 97
48 7 98
48 6 99
49 7 50
49 9 51
49 1 52
49 3 53
49 3 54
49 4 55
49 3 56
49 5 57
49 9 58
49 3 59
49 4 60
49 9 61
49 6 62
49 8 63
49 3 64
49 9 65
49 9 66
49 8 67
49 8 68
49 4 69
49 6 70
49 4 71
49 10 72
49 1 73
49 9 74
49 2 75
49 7 76
49 6 77
49 6 78
49 3 79
49 3 80
49 2 81
49 3 82
49 6 83
49 7 84
49 6 85
49 9 86
49 9 87
49 10 88
49 10 89
49 4 90
49 5 91
49 8 92
49 1 93
49 2 94
49 2 95
49 1 96
49 2 97
49 9 98
49 8 99
50 6 51
50 4 52
50 1 53
50 7 54
50 7 55
50 2 56
50 9 57
50 3 58
50 9 59
50 6 60
50 5 61
50 4 62
50 10 63
50 7 64
50 9 65
50 6 66
50 2 67
50 9 68
50 6 69
50 3 70
50 10 71
50 1 72
50 8 73
50 7 74
50 1 75
50 1 76
50 8 77
50 4 78
50 3 79
50 8 80
50 1 81
50 8 82
50 2 83
50 4 84
50 4 85
50 8 86
50 7 87
50 4 88
50 10 89
50 7 90
50 10 91
50 6 92
50 10 93
50 9 94
50 2 95
50 8 96
50 6 97
50 4 98
50 9 99
51 1 52
51 8 53
51 8 54
51 4 55
51 5 56
51 7 57
51 6 58
51 6 59
51 6 60
51 9 61
51 10 62
51 4 63
51 10 64
51 7 65
51 7 66
51 5 67
51 2 68
51 6 69
51 1 70
51 8 71
51 7 72
51 7 73
51 9 74
51 2 75
51 7 76
51 9 77
51 3 78
51 6 79
51 4 80
51 8 81
51 4 82
51 6 83
51 6 84
51 2 85
51 9 86
51 2 87
51 8 88
51 7 89
51 9 90
51 3 91
51 5 92
51 8 93
51 8 94
51 4 95
51 4 96
51 4 97
51 8 98
51 8 99
52 9 53
52 10 54
52 7 55
52 5 56
52 7 57
52 5 58
52 6 59
52 5 60
52 3 61
52 1 62
52 10 63
52 8 64
52 8 65
52 6 66
52 5 67
52 5 68
52 7 69
52 6 70
52 7 71
52 6 72
52 2 73
52 5 74
52 10 75
52 6 76
52 3 77
52 8 78
52 2 79
52 8 80
52 1 81
52 1 82
52 7 83
52 2 84
52 1 85
52 3 86
52 6 87
52 9 88
52 7 89
52 4 90
52 3 91
52 1 92
52 4 93
52 2 94
52 10 95
52 3 96
52 7 97
52 7 98
52 8 99
53 5 54
53 2 55
53 4 56
53 2 57
53 5 58
53 10 59
53 2 60
53 2 61
53 2 62
53 1 63
53 3 64
53 2 65
53 3 66
53 6 67
53 8 68
53 4 69
53 6 70
53 1 71
53 2 72
53 6 73
53 9 74
53 7 75
53 8 76
53 2 77
53 10 78
53 1 79
53 3 80
53 4 81
53 10 82
53 9 83
53 1 84
53 4 85
53 2 86
53 6 87
53 8 88
53 8 89
53 8 90
53 1 91
53 10 92
53 9 93
53 1 94
53 4 95
53 2 96
53 5 97
53 9 98
53 10 99
54 1 55
54 6 56
54 2 57
54 4 58
54 1 59
54 2 60
54 10 61
54 10 62
54 3 63
54 1 64
54 1 65
54 8 66
54 4 67
54 10 68
54 8 69
54 7 70
54 5 71
54 10 72
54 4 73
54 4 74
54 9 75
54 1 76
54 4 77
54 8 78
54 2 79
54 6 80
54 2 81
54 3 82
54 3 83
54 2 84
54 4 85
54 3 86
54 8 87
54 5 88
54 6 89
54 10 90
54 7 91
54 5 92
54 10 93
54 1 94
54 5 95
54 2 96
54 8 97
54 10 98
54 1 99
55 6 56
55 6 57
55 7 58
55 7 59
55 2 60
55 1 61
55 5 62
55 2 63
55 6 64
55 3 65
55 5 66
55 4 67
55 6 68
55 8 69
55 6 70
55 7 71
55 3 72
55 8 73
55 6 74
55 8 75
55 5 76
55 6 77
55 4 78
55 9 79
55 7 80
55 4 81
55 5 82
55 8 83
55 2 84
55 4 85
55 10 86
55 9 87
55 2 88
55 8 89
55 5 90
55 3 91
55 10 92
55 9 93
55 6 94
55 6 95
55 3 96
55 3 97
55 1 98
55 8 99
56 2 57
56 6 58
56 7 59
56 4 60
56 3 61
56 2 62
56 1 63
56 9 64
56 9 65
56 6 66
56 7 67
56 5 68
56 10 69
56 3 70
56 4 71
56 3 72
56 8 73
56 3 74
56 3 75
56 9 76
56 3 77
56 7 78
56 3 79
56 2 80
56 7 81
56 1 82
56 9 83
56 10 84
56 3 85
56 9 86
56 9 87
56 6 88
56 6 89
56 5 90
56 9 91
56 10 92
56 9 93
56 10 94
56 8 95
56 7 96
56 5 97
56 6 98
56 4 99
57 6 58
57 8 59
57 7 60
57 10 61
57 6 62
57 2 63
57 2 64
57 6 65
57 6 66
57 10 67
57 1 68
57 7 69
57 7 70
57 3 71
57 8 72
57 8 73
57 7 74
57 8 75
57 6 76
57 2 77
57 4 78
57 3 79
57 10 80
57 3 81
57 1 82
57 1 83
57 1 84
57 9 85
57 8 86
57 6 87
57 2 88
57 5 89
57 6 90
57 1 91
57 5 92
57 1 93
57 4 94
57 8 95
57 8 96
57 9 97
57 8 98
57 8 99
58 5 59
58 4 60
58 2 61
58 4 62
58 1 63
58 8 64
58 2 65
58 8 66
58 9 67
58 7 68
58 2 69
58 1 70
58 9 71
58 4 72
58 1 73
58 1 74
58 3 75
58 10 76
58 7 77
58 6 78
58 5 79
58 4 80
58 8 81
58 1 82
58 6 83
58 1 84
58 8 85
58 3 86
58 9 87
58 5 88
58 3 89
58 6 90
58 8 91
58 4 92
58 9 93
58 10 94
58 2 95
58 2 96
58 10 97
58 10 98
58 8 99
59 1 60
59 10 61
59 7 62
59 7 63
59 3 64
59 9 65
59 9 66
59 2 67
59 7 68
59 6 69
59 8 70
59 10 71
59 4 72
59 8 73
59 5 74
59 6 75
59 6 76
59 8 77
59 5 78
59 10 79
59 2 80
59 10 81
59 10 82
59 5 83
59 10 84
59 1 85
59 6 86
59 2 87
59 2 88
59 8 89
59 9 90
59 3 91
59 9 92
59 7 93
59 9 94
59 1 95
59 6 96
59 9 97
59 5 98
59 2 99
60 6 61
60 2 62
60 2 63
60 1 64
60 10 65
60 6 66
60 7 67
60 7 68
60 5 69
60 3 70
60 6 71
60 6 72
60 2 73
60 7 74
60 1 75
60 1 76
60 10 77
60 8 78
60 4 79
60 1 80
60 7 81
60 3 82
60 5 83
60 6 84
60 1 85
60 3 86
60 8 87
60 6 88
60 3 89
60 4 90
60 10 91
60 1 92
60 8 93
60 1 94
60 1 95
60 7 96
60 8 97
60 9 98
60 5 99
61 5 62
61 1 63
61 2 64
61 10 65
61 2 66
61 9 67
61 2 68
61 5 69
61 10 70
61 2 71
61 8 72
61 10 73
61 8 74
61 2 75
61 5 76
61 5 77
61 3 78
61 9 79
61 5 80
61 10 81
61 4 82
61 10 83
61 9 84
61 4 85
61 7 86
61 1 87
61 6 88
61 5 89
61 1 90
61 5 91
61 9 92
61 5 93
61 5 94
61 1 95
61 4 96
61 9 97
61 1 98
61 8 99
62 5 63
62 10 64
62 9 65
62 4 66
62 9 67
62 8 68
62 6 69
62 5 70
62 5 71
62 10 72
62 4 73
62 9 74
62 9 75
62 9 76
62 8 77
62 10 78
62 2 79
62 7 80
62 10 81
62 9 82
62 1 83
62 10 84
62 3 85
62 10 86
62 4 87
62 10 88
62 10 89
62 10 90
62 8 91
62 10 92
62 7 93
62 4 94
62 1 95
62 7 96
62 7 97
62 9 98
62 4 99
63 4 64
63 6 65
63 8 66
63 3 67
63 1 68
63 8 69
63 4 70
63 9 71
63 8 72
63 3 73
63 2 74
63 4 75
63 4 76
63 10 77
63 6 78
63 4 79
63 3 80
63 5 81
63 9 82
63 4 83
63 6 84
63 10 85
63 3 86
63 7 87
63 8 88
63 6 89
63 7 90
63 4 91
63 2 92
63 8 93
63 10 94
63 6 95
63 3 96
63 9 97
63 10 98
63 3 99
64 9 65
64 3 66
64 1 67
64 6 68
64 5 69
64 2 70
64 1 71
64 1 72
64 3 73
64 6 74
64 4 75
64 7 76
64 3 77
64 4 78
64 10 79
64 8 80
64 6 81
64 2 82
64 5 83
64 3 84
64 9 85
64 3 86
64 9 87
64 3 88
64 10 89
64 10 90
64 10 91
64 2 92
64 10 93
64 9 94
64 6 95
64 8 96
64 4 97
64 6 98
64 5 99
65 10 66
65 9 67
65 5 68
65 10 69
65 4 70
65 3 71
65 5 72
65 10 73
65 5 74
65 9 75
65 10 76
65 4 77
65 4 78
65 3 79
65 10 80
65 8 81
65 4 82
65 3 83
65 6 84
65 6 85
65 4 86
65 7 87
65 5 88
65 8 89
65 7 90
65 5 91
65 3 92
65 4 93
65 8 94
65 1 95
65 1 96
65 8 97
65 1 98
65 7 99
66 7 67
66 4 68
66 9 69
66 2 70
66 4 71
66 5 72
66 2 73
66 5 74
66 9 75
66 7 76
66 9 77
66 8 78
66 6 79
66 2 80
66 10 81
66 4 82
66 9 83
66 4 84
66 10 85
66 5 86
66 3 87
66 6 88
66 10 89
66 5 90
66 2 91
66 9 92
66 5 93
66 2 94
66 8 95
66 8 96
66 10 97
66 5 98
66 1 99
67 9 68
67 8 69
67 6 70
67 5 71
67 1 72
67 10 73
67 3 74
67 9 75
67 1 76
67 1 77
67 4 78
67 2 79
67 2 80
67 7 81
67 3 82
67 7 83
67 7 84
67 7 85
67 9 86
67 4 87
67 8 88
67 6 89
67 5 90
67 7 91
67 2 92
67 8 93
67 4 94
67 9 95
67 10 96
67 10 97
67 10 98
67 10 99
68 9 69
68 7 70
68 4 71
68 9 72
68 9 73
68 7 74
68 7 75
68 9 76
68 9 77
68 3 78
68 2 79
68 2 80
68 9 81
68 4 82
68 9 83
68 7 84
68 1 85
68 9 86
68 1 87
68 8 88
68 4 89
68 7 90
68 6 91
68 6 92
68 7 93
68 10 94
68 4 95
68 6 96
68 1 97
68 5 98
68 5 99
69 10 70
69 4 71
69 8 72
69 8 73
69 2 74
69 6 75
69 7 76
69 10 77
69 4 78
69 9 79
69 1 80
69 8 81
69 9 82
69 7 83
69 6 84
69 6 85
69 9 86
69 4 87
69 6 88
69 8 89
69 10 90
69 2 91
69 4 92
69 5 93
69 8 94
69 5 95
69 10 96
69 5 97
69 5 98
69 7 99
70 9 71
70 6 72
70 10 73
70 9 74
70 6 75
70 3 76
70 4 77
70 2 78
70 2 79
70 10 80
70 2 81
70 4 82
70 7 83
70 10 84
70 2 85
70 4 86
70 5 87
70 10 88
70 9 89
70 2 90
70 8 91
70 10 92
70 4 93
70 1 94
70 4 95
70 3 96
70 7 97
70 6 98
70 10 99
71 3 72
71 4 73
71 8 74
71 9 75
71 5 76
71 8 77
71 4 78
71 7 79
71 4 80
71 7 81
71 10 82
71 3 83
71 8 84
71 3 85
71 1 86
71 9 87
71 5 88
71 6 89
71 4 90
71 6 91
71 6 92
71 5 93
71 3 94
71 6 95
71 10 96
71 5 97
71 1 98
71 5 99
72 1 73
72 6 74
72 4 75
72 6 76
72 1 77
72 3 78
72 4 79
72 5 80
72 1 81
72 7 82
72 3 83
72 4 84
72 3 85
72 2 86
72 8 87
72 2 88
72 5 89
72 10 90
72 10 91
72 1 92
72 7 93
72 5 94
72 6 95
72 2 96
72 2 97
72 1 98
72 7 99
73 3 74
73 7 75
73 8 76
73 7 77
73 10 78
73 5 79
73 2 80
73 5 81
73 6 82
73 7 83
73 8 84
73 2 85
73 7 86
73 6 87
73 5 88
73 2 89
73 10 90
73 8 91
73 1 92
73 1 93
73 2 94
73 2 95
73 2 96
73 4 97
73 8 98
73 7 99
74 2 75
74 9 76
74 8 77
74 4 78
74 8 79
74 2 80
74 10 81
74 5 82
74 1 83
74 9 84
74 1 85
74 2 86
74 5 87
74 8 88
74 8 89
74 4 90
74 10 91
74 6 92
74 9 93
74 6 94
74 9 95
74 8 96
74 3 97
74 9 98
74 10 99
75 7 76
75 10 77
75 2 78
75 2 79
75 9 80
75 10 81
75 5 82
75 8 83
75 9 84
75 8 85
75 5 86
75 10 87
75 10 88
75 1 89
75 10 90
75 10 91
75 1 92
75 4 93
75 5 94
75 9 95
75 3 96
75 8 97
75 10 98
75 1 99
76 7 77
76 7 78
76 9 79
76 6 80
76 1 81
76 10 82
76 8 83
76 7 84
76 1 85
76 9 86
76 1 87
76 10 88
76 10 89
76 5 90
76 9 91
76 8 92
76 3 93
76 5 94
76 9 95
76 2 96
76 5 97
76 9 98
76 1 99
77 7 78
77 4 79
77 7 80
77 7 81
77 6 82
77 5 83
77 8 84
77 8 85
77 3 86
77 6 87
77 7 88
77 10 89
77 7 90
77 8 91
77 7 92
77 5 93
77 8 94
77 5 95
77 5 96
77 7 97
77 4 98
77 10 99
78 7 79
78 3 80
78 4 81
78 1 82
78 2 83
78 7 84
78 7 85
78 2 86
78 9 87
78 6 88
78 5 89
78 6 90
78 2 91
78 2 92
78 2 93
78 2 94
78 10 95
78 4 96
78 7 97
78 8 98
78 3 99
79 5 80
79 5 81
79 2 82
79 10 83
79 2 84
79 6 85
79 6 86
79 1 87
79 2 88
79 7 89
79 7 90
79 6 91
79 10 92
79 8 93
79 7 94
79 8 95
79 4 96
79 10 97
79 7 98
79 9 99
80 6 81
80 4 82
80 3 83
80 8 84
80 7 85
80 6 86
80 9 87
80 2 88
80 4 89
80 6 90
80 4 91
80 9 92
80 10 93
80 7 94
80 10 95
80 3 96
80 3 97
80 5 98
80 3 99
81 6 82
81 2 83
81 10 84
81 3 85
81 3 86
81 7 87
81 2 88
81 1 89
81 2 90
81 1 91
81 9 92
81 3 93
81 7 94
81 4 95
81 7 96
81 6 97
81 10 98
81 4 99
82 4 83
82 1 84
82 7 85
82 9 86
82 6 87
82 7 88
82 10 89
82 3 90
82 6 91
82 2 92
82 7 93
82 1 94
82 5 95
82 4 96
82 2 97
82 6 98
82 6 99
83 4 84
83 4 85
83 7 86
83 6 87
83 5 88
83 10 89
83 4 90
83 9 91
83 6 92
83 9 93
83 7 94
83 1 95
83 8 96
83 10 97
83 6 98
83 8 99
84 7 85
84 4 86
84 4 87
84 3 88
84 5 89
84 8 90
84 9 91
84 6 92
84 4 93
84 1 94
84 10 95
84 7 96
84 4 97
84 5 98
84 2 99
85 9 86
85 10 87
85 1 88
85 5 89
85 5 90
85 10 91
85 10 92
85 5 93
85 5 94
85 9 95
85 2 96
85 7 97
85 6 98
85 1 99
86 2 87
86 6 88
86 9 89
86 7 90
86 1 91
86 2 92
86 1 93
86 8 94
86 2 95
86 8 96
86 1 97
86 4 98
86 10 99
87 9 88
87 7 89
87 6 90
87 2 91
87 5 92
87 6 93
87 2 94
87 1 95
87 10 96
87 1 97
87 1 98
87 6 99
88 7 89
88 1 90
88 7 91
88 5 92
88 6 93
88 8 94
88 8 95
88 3 96
88 8 97
88 4 98
88 3 99
89 9 90
89 6 91
89 10 92
89 2 93
89 4 94
89 2 95
89 5 96
89 3 97
89 10 98
89 1 99
90 10 91
90 2 92
90 8 93
90 5 94
90 3 95
90 8 96
90 6 97
90 6 98
90 8 99
91 2 92
91 4 93
91 8 94
91 8 95
91 9 96
91 6 97
91 7 98
91 6 99
92 8 93
92 5 94
92 2 95
92 3 96
92 5 97
92 7 98
92 2 99
93 9 94
93 2 95
93 6 96
93 3 97
93 6 98
93 5 99
94 6 95
94 6 96
94 8 97
94 3 98
94 10 99
95 3 96
95 10 97
95 6 98
95 8 99
96 10 97
96 7 98
96 1 99
97 9 98
97 6 99
98 1 99
